2.369760000000000000e+05 5.000908000000000000e+06
2.369760000000000000e+05 5.005908000000000000e+06
2.369760000000000000e+05 5.010908000000000000e+06
2.369760000000000000e+05 5.015908000000000000e+06
2.369760000000000000e+05 5.020908000000000000e+06
2.369760000000000000e+05 5.025908000000000000e+06
2.369760000000000000e+05 5.030908000000000000e+06
2.369760000000000000e+05 5.035908000000000000e+06
2.369760000000000000e+05 5.040908000000000000e+06
2.369760000000000000e+05 5.045908000000000000e+06
2.369760000000000000e+05 5.050908000000000000e+06
2.369760000000000000e+05 5.055908000000000000e+06
2.369760000000000000e+05 5.060908000000000000e+06
2.369760000000000000e+05 5.065908000000000000e+06
2.369760000000000000e+05 5.070908000000000000e+06
2.369760000000000000e+05 5.075908000000000000e+06
2.369760000000000000e+05 5.080908000000000000e+06
2.369760000000000000e+05 5.085908000000000000e+06
2.369760000000000000e+05 5.090908000000000000e+06
2.369760000000000000e+05 5.095908000000000000e+06
2.369760000000000000e+05 5.100908000000000000e+06
2.369760000000000000e+05 5.105908000000000000e+06
2.369760000000000000e+05 5.110908000000000000e+06
2.369760000000000000e+05 5.115908000000000000e+06
2.369760000000000000e+05 5.120908000000000000e+06
2.369760000000000000e+05 5.125908000000000000e+06
2.369760000000000000e+05 5.130908000000000000e+06
2.369760000000000000e+05 5.135908000000000000e+06
2.369760000000000000e+05 5.140908000000000000e+06
2.369760000000000000e+05 5.145908000000000000e+06
2.369760000000000000e+05 5.150908000000000000e+06
2.369760000000000000e+05 5.155908000000000000e+06
2.369760000000000000e+05 5.160908000000000000e+06
2.369760000000000000e+05 5.165908000000000000e+06
2.369760000000000000e+05 5.170908000000000000e+06
2.369760000000000000e+05 5.175908000000000000e+06
2.369760000000000000e+05 5.180908000000000000e+06
2.369760000000000000e+05 5.185908000000000000e+06
2.369760000000000000e+05 5.190908000000000000e+06
2.369760000000000000e+05 5.195908000000000000e+06
2.419760000000000000e+05 5.000908000000000000e+06
2.419760000000000000e+05 5.005908000000000000e+06
2.419760000000000000e+05 5.010908000000000000e+06
2.419760000000000000e+05 5.015908000000000000e+06
2.419760000000000000e+05 5.020908000000000000e+06
2.419760000000000000e+05 5.025908000000000000e+06
2.419760000000000000e+05 5.030908000000000000e+06
2.419760000000000000e+05 5.035908000000000000e+06
2.419760000000000000e+05 5.040908000000000000e+06
2.419760000000000000e+05 5.045908000000000000e+06
2.419760000000000000e+05 5.050908000000000000e+06
2.419760000000000000e+05 5.055908000000000000e+06
2.419760000000000000e+05 5.060908000000000000e+06
2.419760000000000000e+05 5.065908000000000000e+06
2.419760000000000000e+05 5.070908000000000000e+06
2.419760000000000000e+05 5.075908000000000000e+06
2.419760000000000000e+05 5.080908000000000000e+06
2.419760000000000000e+05 5.085908000000000000e+06
2.419760000000000000e+05 5.090908000000000000e+06
2.419760000000000000e+05 5.095908000000000000e+06
2.419760000000000000e+05 5.100908000000000000e+06
2.419760000000000000e+05 5.105908000000000000e+06
2.419760000000000000e+05 5.110908000000000000e+06
2.419760000000000000e+05 5.115908000000000000e+06
2.419760000000000000e+05 5.120908000000000000e+06
2.419760000000000000e+05 5.125908000000000000e+06
2.419760000000000000e+05 5.130908000000000000e+06
2.419760000000000000e+05 5.135908000000000000e+06
2.419760000000000000e+05 5.140908000000000000e+06
2.419760000000000000e+05 5.145908000000000000e+06
2.419760000000000000e+05 5.150908000000000000e+06
2.419760000000000000e+05 5.155908000000000000e+06
2.419760000000000000e+05 5.160908000000000000e+06
2.419760000000000000e+05 5.165908000000000000e+06
2.419760000000000000e+05 5.170908000000000000e+06
2.419760000000000000e+05 5.175908000000000000e+06
2.419760000000000000e+05 5.180908000000000000e+06
2.419760000000000000e+05 5.185908000000000000e+06
2.419760000000000000e+05 5.190908000000000000e+06
2.419760000000000000e+05 5.195908000000000000e+06
2.469760000000000000e+05 5.000908000000000000e+06
2.469760000000000000e+05 5.005908000000000000e+06
2.469760000000000000e+05 5.010908000000000000e+06
2.469760000000000000e+05 5.015908000000000000e+06
2.469760000000000000e+05 5.020908000000000000e+06
2.469760000000000000e+05 5.025908000000000000e+06
2.469760000000000000e+05 5.030908000000000000e+06
2.469760000000000000e+05 5.035908000000000000e+06
2.469760000000000000e+05 5.040908000000000000e+06
2.469760000000000000e+05 5.045908000000000000e+06
2.469760000000000000e+05 5.050908000000000000e+06
2.469760000000000000e+05 5.055908000000000000e+06
2.469760000000000000e+05 5.060908000000000000e+06
2.469760000000000000e+05 5.065908000000000000e+06
2.469760000000000000e+05 5.070908000000000000e+06
2.469760000000000000e+05 5.075908000000000000e+06
2.469760000000000000e+05 5.080908000000000000e+06
2.469760000000000000e+05 5.085908000000000000e+06
2.469760000000000000e+05 5.090908000000000000e+06
2.469760000000000000e+05 5.095908000000000000e+06
2.469760000000000000e+05 5.100908000000000000e+06
2.469760000000000000e+05 5.105908000000000000e+06
2.469760000000000000e+05 5.110908000000000000e+06
2.469760000000000000e+05 5.115908000000000000e+06
2.469760000000000000e+05 5.120908000000000000e+06
2.469760000000000000e+05 5.125908000000000000e+06
2.469760000000000000e+05 5.130908000000000000e+06
2.469760000000000000e+05 5.135908000000000000e+06
2.469760000000000000e+05 5.140908000000000000e+06
2.469760000000000000e+05 5.145908000000000000e+06
2.469760000000000000e+05 5.150908000000000000e+06
2.469760000000000000e+05 5.155908000000000000e+06
2.469760000000000000e+05 5.160908000000000000e+06
2.469760000000000000e+05 5.165908000000000000e+06
2.469760000000000000e+05 5.170908000000000000e+06
2.469760000000000000e+05 5.175908000000000000e+06
2.469760000000000000e+05 5.180908000000000000e+06
2.469760000000000000e+05 5.185908000000000000e+06
2.469760000000000000e+05 5.190908000000000000e+06
2.469760000000000000e+05 5.195908000000000000e+06
2.519760000000000000e+05 5.000908000000000000e+06
2.519760000000000000e+05 5.005908000000000000e+06
2.519760000000000000e+05 5.010908000000000000e+06
2.519760000000000000e+05 5.015908000000000000e+06
2.519760000000000000e+05 5.020908000000000000e+06
2.519760000000000000e+05 5.025908000000000000e+06
2.519760000000000000e+05 5.030908000000000000e+06
2.519760000000000000e+05 5.035908000000000000e+06
2.519760000000000000e+05 5.040908000000000000e+06
2.519760000000000000e+05 5.045908000000000000e+06
2.519760000000000000e+05 5.050908000000000000e+06
2.519760000000000000e+05 5.055908000000000000e+06
2.519760000000000000e+05 5.060908000000000000e+06
2.519760000000000000e+05 5.065908000000000000e+06
2.519760000000000000e+05 5.070908000000000000e+06
2.519760000000000000e+05 5.075908000000000000e+06
2.519760000000000000e+05 5.080908000000000000e+06
2.519760000000000000e+05 5.085908000000000000e+06
2.519760000000000000e+05 5.090908000000000000e+06
2.519760000000000000e+05 5.095908000000000000e+06
2.519760000000000000e+05 5.100908000000000000e+06
2.519760000000000000e+05 5.105908000000000000e+06
2.519760000000000000e+05 5.110908000000000000e+06
2.519760000000000000e+05 5.115908000000000000e+06
2.519760000000000000e+05 5.120908000000000000e+06
2.519760000000000000e+05 5.125908000000000000e+06
2.519760000000000000e+05 5.130908000000000000e+06
2.519760000000000000e+05 5.135908000000000000e+06
2.519760000000000000e+05 5.140908000000000000e+06
2.519760000000000000e+05 5.145908000000000000e+06
2.519760000000000000e+05 5.150908000000000000e+06
2.519760000000000000e+05 5.155908000000000000e+06
2.519760000000000000e+05 5.160908000000000000e+06
2.519760000000000000e+05 5.165908000000000000e+06
2.519760000000000000e+05 5.170908000000000000e+06
2.519760000000000000e+05 5.175908000000000000e+06
2.519760000000000000e+05 5.180908000000000000e+06
2.519760000000000000e+05 5.185908000000000000e+06
2.519760000000000000e+05 5.190908000000000000e+06
2.519760000000000000e+05 5.195908000000000000e+06
2.569760000000000000e+05 5.000908000000000000e+06
2.569760000000000000e+05 5.005908000000000000e+06
2.569760000000000000e+05 5.010908000000000000e+06
2.569760000000000000e+05 5.015908000000000000e+06
2.569760000000000000e+05 5.020908000000000000e+06
2.569760000000000000e+05 5.025908000000000000e+06
2.569760000000000000e+05 5.030908000000000000e+06
2.569760000000000000e+05 5.035908000000000000e+06
2.569760000000000000e+05 5.040908000000000000e+06
2.569760000000000000e+05 5.045908000000000000e+06
2.569760000000000000e+05 5.050908000000000000e+06
2.569760000000000000e+05 5.055908000000000000e+06
2.569760000000000000e+05 5.060908000000000000e+06
2.569760000000000000e+05 5.065908000000000000e+06
2.569760000000000000e+05 5.070908000000000000e+06
2.569760000000000000e+05 5.075908000000000000e+06
2.569760000000000000e+05 5.080908000000000000e+06
2.569760000000000000e+05 5.085908000000000000e+06
2.569760000000000000e+05 5.090908000000000000e+06
2.569760000000000000e+05 5.095908000000000000e+06
2.569760000000000000e+05 5.100908000000000000e+06
2.569760000000000000e+05 5.105908000000000000e+06
2.569760000000000000e+05 5.110908000000000000e+06
2.569760000000000000e+05 5.115908000000000000e+06
2.569760000000000000e+05 5.120908000000000000e+06
2.569760000000000000e+05 5.125908000000000000e+06
2.569760000000000000e+05 5.130908000000000000e+06
2.569760000000000000e+05 5.135908000000000000e+06
2.569760000000000000e+05 5.140908000000000000e+06
2.569760000000000000e+05 5.145908000000000000e+06
2.569760000000000000e+05 5.150908000000000000e+06
2.569760000000000000e+05 5.155908000000000000e+06
2.569760000000000000e+05 5.160908000000000000e+06
2.569760000000000000e+05 5.165908000000000000e+06
2.569760000000000000e+05 5.170908000000000000e+06
2.569760000000000000e+05 5.175908000000000000e+06
2.569760000000000000e+05 5.180908000000000000e+06
2.569760000000000000e+05 5.185908000000000000e+06
2.569760000000000000e+05 5.190908000000000000e+06
2.569760000000000000e+05 5.195908000000000000e+06
2.619760000000000000e+05 5.000908000000000000e+06
2.619760000000000000e+05 5.005908000000000000e+06
2.619760000000000000e+05 5.010908000000000000e+06
2.619760000000000000e+05 5.015908000000000000e+06
2.619760000000000000e+05 5.020908000000000000e+06
2.619760000000000000e+05 5.025908000000000000e+06
2.619760000000000000e+05 5.030908000000000000e+06
2.619760000000000000e+05 5.035908000000000000e+06
2.619760000000000000e+05 5.040908000000000000e+06
2.619760000000000000e+05 5.045908000000000000e+06
2.619760000000000000e+05 5.050908000000000000e+06
2.619760000000000000e+05 5.055908000000000000e+06
2.619760000000000000e+05 5.060908000000000000e+06
2.619760000000000000e+05 5.065908000000000000e+06
2.619760000000000000e+05 5.070908000000000000e+06
2.619760000000000000e+05 5.075908000000000000e+06
2.619760000000000000e+05 5.080908000000000000e+06
2.619760000000000000e+05 5.085908000000000000e+06
2.619760000000000000e+05 5.090908000000000000e+06
2.619760000000000000e+05 5.095908000000000000e+06
2.619760000000000000e+05 5.100908000000000000e+06
2.619760000000000000e+05 5.105908000000000000e+06
2.619760000000000000e+05 5.110908000000000000e+06
2.619760000000000000e+05 5.115908000000000000e+06
2.619760000000000000e+05 5.120908000000000000e+06
2.619760000000000000e+05 5.125908000000000000e+06
2.619760000000000000e+05 5.130908000000000000e+06
2.619760000000000000e+05 5.135908000000000000e+06
2.619760000000000000e+05 5.140908000000000000e+06
2.619760000000000000e+05 5.145908000000000000e+06
2.619760000000000000e+05 5.150908000000000000e+06
2.619760000000000000e+05 5.155908000000000000e+06
2.619760000000000000e+05 5.160908000000000000e+06
2.619760000000000000e+05 5.165908000000000000e+06
2.619760000000000000e+05 5.170908000000000000e+06
2.619760000000000000e+05 5.175908000000000000e+06
2.619760000000000000e+05 5.180908000000000000e+06
2.619760000000000000e+05 5.185908000000000000e+06
2.619760000000000000e+05 5.190908000000000000e+06
2.619760000000000000e+05 5.195908000000000000e+06
2.669760000000000000e+05 5.000908000000000000e+06
2.669760000000000000e+05 5.005908000000000000e+06
2.669760000000000000e+05 5.010908000000000000e+06
2.669760000000000000e+05 5.015908000000000000e+06
2.669760000000000000e+05 5.020908000000000000e+06
2.669760000000000000e+05 5.025908000000000000e+06
2.669760000000000000e+05 5.030908000000000000e+06
2.669760000000000000e+05 5.035908000000000000e+06
2.669760000000000000e+05 5.040908000000000000e+06
2.669760000000000000e+05 5.045908000000000000e+06
2.669760000000000000e+05 5.050908000000000000e+06
2.669760000000000000e+05 5.055908000000000000e+06
2.669760000000000000e+05 5.060908000000000000e+06
2.669760000000000000e+05 5.065908000000000000e+06
2.669760000000000000e+05 5.070908000000000000e+06
2.669760000000000000e+05 5.075908000000000000e+06
2.669760000000000000e+05 5.080908000000000000e+06
2.669760000000000000e+05 5.085908000000000000e+06
2.669760000000000000e+05 5.090908000000000000e+06
2.669760000000000000e+05 5.095908000000000000e+06
2.669760000000000000e+05 5.100908000000000000e+06
2.669760000000000000e+05 5.105908000000000000e+06
2.669760000000000000e+05 5.110908000000000000e+06
2.669760000000000000e+05 5.115908000000000000e+06
2.669760000000000000e+05 5.120908000000000000e+06
2.669760000000000000e+05 5.125908000000000000e+06
2.669760000000000000e+05 5.130908000000000000e+06
2.669760000000000000e+05 5.135908000000000000e+06
2.669760000000000000e+05 5.140908000000000000e+06
2.669760000000000000e+05 5.145908000000000000e+06
2.669760000000000000e+05 5.150908000000000000e+06
2.669760000000000000e+05 5.155908000000000000e+06
2.669760000000000000e+05 5.160908000000000000e+06
2.669760000000000000e+05 5.165908000000000000e+06
2.669760000000000000e+05 5.170908000000000000e+06
2.669760000000000000e+05 5.175908000000000000e+06
2.669760000000000000e+05 5.180908000000000000e+06
2.669760000000000000e+05 5.185908000000000000e+06
2.669760000000000000e+05 5.190908000000000000e+06
2.669760000000000000e+05 5.195908000000000000e+06
2.719760000000000000e+05 5.000908000000000000e+06
2.719760000000000000e+05 5.005908000000000000e+06
2.719760000000000000e+05 5.010908000000000000e+06
2.719760000000000000e+05 5.015908000000000000e+06
2.719760000000000000e+05 5.020908000000000000e+06
2.719760000000000000e+05 5.025908000000000000e+06
2.719760000000000000e+05 5.030908000000000000e+06
2.719760000000000000e+05 5.035908000000000000e+06
2.719760000000000000e+05 5.040908000000000000e+06
2.719760000000000000e+05 5.045908000000000000e+06
2.719760000000000000e+05 5.050908000000000000e+06
2.719760000000000000e+05 5.055908000000000000e+06
2.719760000000000000e+05 5.060908000000000000e+06
2.719760000000000000e+05 5.065908000000000000e+06
2.719760000000000000e+05 5.070908000000000000e+06
2.719760000000000000e+05 5.075908000000000000e+06
2.719760000000000000e+05 5.080908000000000000e+06
2.719760000000000000e+05 5.085908000000000000e+06
2.719760000000000000e+05 5.090908000000000000e+06
2.719760000000000000e+05 5.095908000000000000e+06
2.719760000000000000e+05 5.100908000000000000e+06
2.719760000000000000e+05 5.105908000000000000e+06
2.719760000000000000e+05 5.110908000000000000e+06
2.719760000000000000e+05 5.115908000000000000e+06
2.719760000000000000e+05 5.120908000000000000e+06
2.719760000000000000e+05 5.125908000000000000e+06
2.719760000000000000e+05 5.130908000000000000e+06
2.719760000000000000e+05 5.135908000000000000e+06
2.719760000000000000e+05 5.140908000000000000e+06
2.719760000000000000e+05 5.145908000000000000e+06
2.719760000000000000e+05 5.150908000000000000e+06
2.719760000000000000e+05 5.155908000000000000e+06
2.719760000000000000e+05 5.160908000000000000e+06
2.719760000000000000e+05 5.165908000000000000e+06
2.719760000000000000e+05 5.170908000000000000e+06
2.719760000000000000e+05 5.175908000000000000e+06
2.719760000000000000e+05 5.180908000000000000e+06
2.719760000000000000e+05 5.185908000000000000e+06
2.719760000000000000e+05 5.190908000000000000e+06
2.719760000000000000e+05 5.195908000000000000e+06
2.769760000000000000e+05 5.000908000000000000e+06
2.769760000000000000e+05 5.005908000000000000e+06
2.769760000000000000e+05 5.010908000000000000e+06
2.769760000000000000e+05 5.015908000000000000e+06
2.769760000000000000e+05 5.020908000000000000e+06
2.769760000000000000e+05 5.025908000000000000e+06
2.769760000000000000e+05 5.030908000000000000e+06
2.769760000000000000e+05 5.035908000000000000e+06
2.769760000000000000e+05 5.040908000000000000e+06
2.769760000000000000e+05 5.045908000000000000e+06
2.769760000000000000e+05 5.050908000000000000e+06
2.769760000000000000e+05 5.055908000000000000e+06
2.769760000000000000e+05 5.060908000000000000e+06
2.769760000000000000e+05 5.065908000000000000e+06
2.769760000000000000e+05 5.070908000000000000e+06
2.769760000000000000e+05 5.075908000000000000e+06
2.769760000000000000e+05 5.080908000000000000e+06
2.769760000000000000e+05 5.085908000000000000e+06
2.769760000000000000e+05 5.090908000000000000e+06
2.769760000000000000e+05 5.095908000000000000e+06
2.769760000000000000e+05 5.100908000000000000e+06
2.769760000000000000e+05 5.105908000000000000e+06
2.769760000000000000e+05 5.110908000000000000e+06
2.769760000000000000e+05 5.115908000000000000e+06
2.769760000000000000e+05 5.120908000000000000e+06
2.769760000000000000e+05 5.125908000000000000e+06
2.769760000000000000e+05 5.130908000000000000e+06
2.769760000000000000e+05 5.135908000000000000e+06
2.769760000000000000e+05 5.140908000000000000e+06
2.769760000000000000e+05 5.145908000000000000e+06
2.769760000000000000e+05 5.150908000000000000e+06
2.769760000000000000e+05 5.155908000000000000e+06
2.769760000000000000e+05 5.160908000000000000e+06
2.769760000000000000e+05 5.165908000000000000e+06
2.769760000000000000e+05 5.170908000000000000e+06
2.769760000000000000e+05 5.175908000000000000e+06
2.769760000000000000e+05 5.180908000000000000e+06
2.769760000000000000e+05 5.185908000000000000e+06
2.769760000000000000e+05 5.190908000000000000e+06
2.769760000000000000e+05 5.195908000000000000e+06
2.819760000000000000e+05 5.000908000000000000e+06
2.819760000000000000e+05 5.005908000000000000e+06
2.819760000000000000e+05 5.010908000000000000e+06
2.819760000000000000e+05 5.015908000000000000e+06
2.819760000000000000e+05 5.020908000000000000e+06
2.819760000000000000e+05 5.025908000000000000e+06
2.819760000000000000e+05 5.030908000000000000e+06
2.819760000000000000e+05 5.035908000000000000e+06
2.819760000000000000e+05 5.040908000000000000e+06
2.819760000000000000e+05 5.045908000000000000e+06
2.819760000000000000e+05 5.050908000000000000e+06
2.819760000000000000e+05 5.055908000000000000e+06
2.819760000000000000e+05 5.060908000000000000e+06
2.819760000000000000e+05 5.065908000000000000e+06
2.819760000000000000e+05 5.070908000000000000e+06
2.819760000000000000e+05 5.075908000000000000e+06
2.819760000000000000e+05 5.080908000000000000e+06
2.819760000000000000e+05 5.085908000000000000e+06
2.819760000000000000e+05 5.090908000000000000e+06
2.819760000000000000e+05 5.095908000000000000e+06
2.819760000000000000e+05 5.100908000000000000e+06
2.819760000000000000e+05 5.105908000000000000e+06
2.819760000000000000e+05 5.110908000000000000e+06
2.819760000000000000e+05 5.115908000000000000e+06
2.819760000000000000e+05 5.120908000000000000e+06
2.819760000000000000e+05 5.125908000000000000e+06
2.819760000000000000e+05 5.130908000000000000e+06
2.819760000000000000e+05 5.135908000000000000e+06
2.819760000000000000e+05 5.140908000000000000e+06
2.819760000000000000e+05 5.145908000000000000e+06
2.819760000000000000e+05 5.150908000000000000e+06
2.819760000000000000e+05 5.155908000000000000e+06
2.819760000000000000e+05 5.160908000000000000e+06
2.819760000000000000e+05 5.165908000000000000e+06
2.819760000000000000e+05 5.170908000000000000e+06
2.819760000000000000e+05 5.175908000000000000e+06
2.819760000000000000e+05 5.180908000000000000e+06
2.819760000000000000e+05 5.185908000000000000e+06
2.819760000000000000e+05 5.190908000000000000e+06
2.819760000000000000e+05 5.195908000000000000e+06
2.869760000000000000e+05 5.000908000000000000e+06
2.869760000000000000e+05 5.005908000000000000e+06
2.869760000000000000e+05 5.010908000000000000e+06
2.869760000000000000e+05 5.015908000000000000e+06
2.869760000000000000e+05 5.020908000000000000e+06
2.869760000000000000e+05 5.025908000000000000e+06
2.869760000000000000e+05 5.030908000000000000e+06
2.869760000000000000e+05 5.035908000000000000e+06
2.869760000000000000e+05 5.040908000000000000e+06
2.869760000000000000e+05 5.045908000000000000e+06
2.869760000000000000e+05 5.050908000000000000e+06
2.869760000000000000e+05 5.055908000000000000e+06
2.869760000000000000e+05 5.060908000000000000e+06
2.869760000000000000e+05 5.065908000000000000e+06
2.869760000000000000e+05 5.070908000000000000e+06
2.869760000000000000e+05 5.075908000000000000e+06
2.869760000000000000e+05 5.080908000000000000e+06
2.869760000000000000e+05 5.085908000000000000e+06
2.869760000000000000e+05 5.090908000000000000e+06
2.869760000000000000e+05 5.095908000000000000e+06
2.869760000000000000e+05 5.100908000000000000e+06
2.869760000000000000e+05 5.105908000000000000e+06
2.869760000000000000e+05 5.110908000000000000e+06
2.869760000000000000e+05 5.115908000000000000e+06
2.869760000000000000e+05 5.120908000000000000e+06
2.869760000000000000e+05 5.125908000000000000e+06
2.869760000000000000e+05 5.130908000000000000e+06
2.869760000000000000e+05 5.135908000000000000e+06
2.869760000000000000e+05 5.140908000000000000e+06
2.869760000000000000e+05 5.145908000000000000e+06
2.869760000000000000e+05 5.150908000000000000e+06
2.869760000000000000e+05 5.155908000000000000e+06
2.869760000000000000e+05 5.160908000000000000e+06
2.869760000000000000e+05 5.165908000000000000e+06
2.869760000000000000e+05 5.170908000000000000e+06
2.869760000000000000e+05 5.175908000000000000e+06
2.869760000000000000e+05 5.180908000000000000e+06
2.869760000000000000e+05 5.185908000000000000e+06
2.869760000000000000e+05 5.190908000000000000e+06
2.869760000000000000e+05 5.195908000000000000e+06
2.919760000000000000e+05 5.000908000000000000e+06
2.919760000000000000e+05 5.005908000000000000e+06
2.919760000000000000e+05 5.010908000000000000e+06
2.919760000000000000e+05 5.015908000000000000e+06
2.919760000000000000e+05 5.020908000000000000e+06
2.919760000000000000e+05 5.025908000000000000e+06
2.919760000000000000e+05 5.030908000000000000e+06
2.919760000000000000e+05 5.035908000000000000e+06
2.919760000000000000e+05 5.040908000000000000e+06
2.919760000000000000e+05 5.045908000000000000e+06
2.919760000000000000e+05 5.050908000000000000e+06
2.919760000000000000e+05 5.055908000000000000e+06
2.919760000000000000e+05 5.060908000000000000e+06
2.919760000000000000e+05 5.065908000000000000e+06
2.919760000000000000e+05 5.070908000000000000e+06
2.919760000000000000e+05 5.075908000000000000e+06
2.919760000000000000e+05 5.080908000000000000e+06
2.919760000000000000e+05 5.085908000000000000e+06
2.919760000000000000e+05 5.090908000000000000e+06
2.919760000000000000e+05 5.095908000000000000e+06
2.919760000000000000e+05 5.100908000000000000e+06
2.919760000000000000e+05 5.105908000000000000e+06
2.919760000000000000e+05 5.110908000000000000e+06
2.919760000000000000e+05 5.115908000000000000e+06
2.919760000000000000e+05 5.120908000000000000e+06
2.919760000000000000e+05 5.125908000000000000e+06
2.919760000000000000e+05 5.130908000000000000e+06
2.919760000000000000e+05 5.135908000000000000e+06
2.919760000000000000e+05 5.140908000000000000e+06
2.919760000000000000e+05 5.145908000000000000e+06
2.919760000000000000e+05 5.150908000000000000e+06
2.919760000000000000e+05 5.155908000000000000e+06
2.919760000000000000e+05 5.160908000000000000e+06
2.919760000000000000e+05 5.165908000000000000e+06
2.919760000000000000e+05 5.170908000000000000e+06
2.919760000000000000e+05 5.175908000000000000e+06
2.919760000000000000e+05 5.180908000000000000e+06
2.919760000000000000e+05 5.185908000000000000e+06
2.919760000000000000e+05 5.190908000000000000e+06
2.919760000000000000e+05 5.195908000000000000e+06
2.969760000000000000e+05 5.000908000000000000e+06
2.969760000000000000e+05 5.005908000000000000e+06
2.969760000000000000e+05 5.010908000000000000e+06
2.969760000000000000e+05 5.015908000000000000e+06
2.969760000000000000e+05 5.020908000000000000e+06
2.969760000000000000e+05 5.025908000000000000e+06
2.969760000000000000e+05 5.030908000000000000e+06
2.969760000000000000e+05 5.035908000000000000e+06
2.969760000000000000e+05 5.040908000000000000e+06
2.969760000000000000e+05 5.045908000000000000e+06
2.969760000000000000e+05 5.050908000000000000e+06
2.969760000000000000e+05 5.055908000000000000e+06
2.969760000000000000e+05 5.060908000000000000e+06
2.969760000000000000e+05 5.065908000000000000e+06
2.969760000000000000e+05 5.070908000000000000e+06
2.969760000000000000e+05 5.075908000000000000e+06
2.969760000000000000e+05 5.080908000000000000e+06
2.969760000000000000e+05 5.085908000000000000e+06
2.969760000000000000e+05 5.090908000000000000e+06
2.969760000000000000e+05 5.095908000000000000e+06
2.969760000000000000e+05 5.100908000000000000e+06
2.969760000000000000e+05 5.105908000000000000e+06
2.969760000000000000e+05 5.110908000000000000e+06
2.969760000000000000e+05 5.115908000000000000e+06
2.969760000000000000e+05 5.120908000000000000e+06
2.969760000000000000e+05 5.125908000000000000e+06
2.969760000000000000e+05 5.130908000000000000e+06
2.969760000000000000e+05 5.135908000000000000e+06
2.969760000000000000e+05 5.140908000000000000e+06
2.969760000000000000e+05 5.145908000000000000e+06
2.969760000000000000e+05 5.150908000000000000e+06
2.969760000000000000e+05 5.155908000000000000e+06
2.969760000000000000e+05 5.160908000000000000e+06
2.969760000000000000e+05 5.165908000000000000e+06
2.969760000000000000e+05 5.170908000000000000e+06
2.969760000000000000e+05 5.175908000000000000e+06
2.969760000000000000e+05 5.180908000000000000e+06
2.969760000000000000e+05 5.185908000000000000e+06
2.969760000000000000e+05 5.190908000000000000e+06
2.969760000000000000e+05 5.195908000000000000e+06
3.019760000000000000e+05 5.000908000000000000e+06
3.019760000000000000e+05 5.005908000000000000e+06
3.019760000000000000e+05 5.010908000000000000e+06
3.019760000000000000e+05 5.015908000000000000e+06
3.019760000000000000e+05 5.020908000000000000e+06
3.019760000000000000e+05 5.025908000000000000e+06
3.019760000000000000e+05 5.030908000000000000e+06
3.019760000000000000e+05 5.035908000000000000e+06
3.019760000000000000e+05 5.040908000000000000e+06
3.019760000000000000e+05 5.045908000000000000e+06
3.019760000000000000e+05 5.050908000000000000e+06
3.019760000000000000e+05 5.055908000000000000e+06
3.019760000000000000e+05 5.060908000000000000e+06
3.019760000000000000e+05 5.065908000000000000e+06
3.019760000000000000e+05 5.070908000000000000e+06
3.019760000000000000e+05 5.075908000000000000e+06
3.019760000000000000e+05 5.080908000000000000e+06
3.019760000000000000e+05 5.085908000000000000e+06
3.019760000000000000e+05 5.090908000000000000e+06
3.019760000000000000e+05 5.095908000000000000e+06
3.019760000000000000e+05 5.100908000000000000e+06
3.019760000000000000e+05 5.105908000000000000e+06
3.019760000000000000e+05 5.110908000000000000e+06
3.019760000000000000e+05 5.115908000000000000e+06
3.019760000000000000e+05 5.120908000000000000e+06
3.019760000000000000e+05 5.125908000000000000e+06
3.019760000000000000e+05 5.130908000000000000e+06
3.019760000000000000e+05 5.135908000000000000e+06
3.019760000000000000e+05 5.140908000000000000e+06
3.019760000000000000e+05 5.145908000000000000e+06
3.019760000000000000e+05 5.150908000000000000e+06
3.019760000000000000e+05 5.155908000000000000e+06
3.019760000000000000e+05 5.160908000000000000e+06
3.019760000000000000e+05 5.165908000000000000e+06
3.019760000000000000e+05 5.170908000000000000e+06
3.019760000000000000e+05 5.175908000000000000e+06
3.019760000000000000e+05 5.180908000000000000e+06
3.019760000000000000e+05 5.185908000000000000e+06
3.019760000000000000e+05 5.190908000000000000e+06
3.019760000000000000e+05 5.195908000000000000e+06
3.069760000000000000e+05 5.000908000000000000e+06
3.069760000000000000e+05 5.005908000000000000e+06
3.069760000000000000e+05 5.010908000000000000e+06
3.069760000000000000e+05 5.015908000000000000e+06
3.069760000000000000e+05 5.020908000000000000e+06
3.069760000000000000e+05 5.025908000000000000e+06
3.069760000000000000e+05 5.030908000000000000e+06
3.069760000000000000e+05 5.035908000000000000e+06
3.069760000000000000e+05 5.040908000000000000e+06
3.069760000000000000e+05 5.045908000000000000e+06
3.069760000000000000e+05 5.050908000000000000e+06
3.069760000000000000e+05 5.055908000000000000e+06
3.069760000000000000e+05 5.060908000000000000e+06
3.069760000000000000e+05 5.065908000000000000e+06
3.069760000000000000e+05 5.070908000000000000e+06
3.069760000000000000e+05 5.075908000000000000e+06
3.069760000000000000e+05 5.080908000000000000e+06
3.069760000000000000e+05 5.085908000000000000e+06
3.069760000000000000e+05 5.090908000000000000e+06
3.069760000000000000e+05 5.095908000000000000e+06
3.069760000000000000e+05 5.100908000000000000e+06
3.069760000000000000e+05 5.105908000000000000e+06
3.069760000000000000e+05 5.110908000000000000e+06
3.069760000000000000e+05 5.115908000000000000e+06
3.069760000000000000e+05 5.120908000000000000e+06
3.069760000000000000e+05 5.125908000000000000e+06
3.069760000000000000e+05 5.130908000000000000e+06
3.069760000000000000e+05 5.135908000000000000e+06
3.069760000000000000e+05 5.140908000000000000e+06
3.069760000000000000e+05 5.145908000000000000e+06
3.069760000000000000e+05 5.150908000000000000e+06
3.069760000000000000e+05 5.155908000000000000e+06
3.069760000000000000e+05 5.160908000000000000e+06
3.069760000000000000e+05 5.165908000000000000e+06
3.069760000000000000e+05 5.170908000000000000e+06
3.069760000000000000e+05 5.175908000000000000e+06
3.069760000000000000e+05 5.180908000000000000e+06
3.069760000000000000e+05 5.185908000000000000e+06
3.069760000000000000e+05 5.190908000000000000e+06
3.069760000000000000e+05 5.195908000000000000e+06
3.119760000000000000e+05 5.000908000000000000e+06
3.119760000000000000e+05 5.005908000000000000e+06
3.119760000000000000e+05 5.010908000000000000e+06
3.119760000000000000e+05 5.015908000000000000e+06
3.119760000000000000e+05 5.020908000000000000e+06
3.119760000000000000e+05 5.025908000000000000e+06
3.119760000000000000e+05 5.030908000000000000e+06
3.119760000000000000e+05 5.035908000000000000e+06
3.119760000000000000e+05 5.040908000000000000e+06
3.119760000000000000e+05 5.045908000000000000e+06
3.119760000000000000e+05 5.050908000000000000e+06
3.119760000000000000e+05 5.055908000000000000e+06
3.119760000000000000e+05 5.060908000000000000e+06
3.119760000000000000e+05 5.065908000000000000e+06
3.119760000000000000e+05 5.070908000000000000e+06
3.119760000000000000e+05 5.075908000000000000e+06
3.119760000000000000e+05 5.080908000000000000e+06
3.119760000000000000e+05 5.085908000000000000e+06
3.119760000000000000e+05 5.090908000000000000e+06
3.119760000000000000e+05 5.095908000000000000e+06
3.119760000000000000e+05 5.100908000000000000e+06
3.119760000000000000e+05 5.105908000000000000e+06
3.119760000000000000e+05 5.110908000000000000e+06
3.119760000000000000e+05 5.115908000000000000e+06
3.119760000000000000e+05 5.120908000000000000e+06
3.119760000000000000e+05 5.125908000000000000e+06
3.119760000000000000e+05 5.130908000000000000e+06
3.119760000000000000e+05 5.135908000000000000e+06
3.119760000000000000e+05 5.140908000000000000e+06
3.119760000000000000e+05 5.145908000000000000e+06
3.119760000000000000e+05 5.150908000000000000e+06
3.119760000000000000e+05 5.155908000000000000e+06
3.119760000000000000e+05 5.160908000000000000e+06
3.119760000000000000e+05 5.165908000000000000e+06
3.119760000000000000e+05 5.170908000000000000e+06
3.119760000000000000e+05 5.175908000000000000e+06
3.119760000000000000e+05 5.180908000000000000e+06
3.119760000000000000e+05 5.185908000000000000e+06
3.119760000000000000e+05 5.190908000000000000e+06
3.119760000000000000e+05 5.195908000000000000e+06
3.169760000000000000e+05 5.000908000000000000e+06
3.169760000000000000e+05 5.005908000000000000e+06
3.169760000000000000e+05 5.010908000000000000e+06
3.169760000000000000e+05 5.015908000000000000e+06
3.169760000000000000e+05 5.020908000000000000e+06
3.169760000000000000e+05 5.025908000000000000e+06
3.169760000000000000e+05 5.030908000000000000e+06
3.169760000000000000e+05 5.035908000000000000e+06
3.169760000000000000e+05 5.040908000000000000e+06
3.169760000000000000e+05 5.045908000000000000e+06
3.169760000000000000e+05 5.050908000000000000e+06
3.169760000000000000e+05 5.055908000000000000e+06
3.169760000000000000e+05 5.060908000000000000e+06
3.169760000000000000e+05 5.065908000000000000e+06
3.169760000000000000e+05 5.070908000000000000e+06
3.169760000000000000e+05 5.075908000000000000e+06
3.169760000000000000e+05 5.080908000000000000e+06
3.169760000000000000e+05 5.085908000000000000e+06
3.169760000000000000e+05 5.090908000000000000e+06
3.169760000000000000e+05 5.095908000000000000e+06
3.169760000000000000e+05 5.100908000000000000e+06
3.169760000000000000e+05 5.105908000000000000e+06
3.169760000000000000e+05 5.110908000000000000e+06
3.169760000000000000e+05 5.115908000000000000e+06
3.169760000000000000e+05 5.120908000000000000e+06
3.169760000000000000e+05 5.125908000000000000e+06
3.169760000000000000e+05 5.130908000000000000e+06
3.169760000000000000e+05 5.135908000000000000e+06
3.169760000000000000e+05 5.140908000000000000e+06
3.169760000000000000e+05 5.145908000000000000e+06
3.169760000000000000e+05 5.150908000000000000e+06
3.169760000000000000e+05 5.155908000000000000e+06
3.169760000000000000e+05 5.160908000000000000e+06
3.169760000000000000e+05 5.165908000000000000e+06
3.169760000000000000e+05 5.170908000000000000e+06
3.169760000000000000e+05 5.175908000000000000e+06
3.169760000000000000e+05 5.180908000000000000e+06
3.169760000000000000e+05 5.185908000000000000e+06
3.169760000000000000e+05 5.190908000000000000e+06
3.169760000000000000e+05 5.195908000000000000e+06
3.219760000000000000e+05 5.000908000000000000e+06
3.219760000000000000e+05 5.005908000000000000e+06
3.219760000000000000e+05 5.010908000000000000e+06
3.219760000000000000e+05 5.015908000000000000e+06
3.219760000000000000e+05 5.020908000000000000e+06
3.219760000000000000e+05 5.025908000000000000e+06
3.219760000000000000e+05 5.030908000000000000e+06
3.219760000000000000e+05 5.035908000000000000e+06
3.219760000000000000e+05 5.040908000000000000e+06
3.219760000000000000e+05 5.045908000000000000e+06
3.219760000000000000e+05 5.050908000000000000e+06
3.219760000000000000e+05 5.055908000000000000e+06
3.219760000000000000e+05 5.060908000000000000e+06
3.219760000000000000e+05 5.065908000000000000e+06
3.219760000000000000e+05 5.070908000000000000e+06
3.219760000000000000e+05 5.075908000000000000e+06
3.219760000000000000e+05 5.080908000000000000e+06
3.219760000000000000e+05 5.085908000000000000e+06
3.219760000000000000e+05 5.090908000000000000e+06
3.219760000000000000e+05 5.095908000000000000e+06
3.219760000000000000e+05 5.100908000000000000e+06
3.219760000000000000e+05 5.105908000000000000e+06
3.219760000000000000e+05 5.110908000000000000e+06
3.219760000000000000e+05 5.115908000000000000e+06
3.219760000000000000e+05 5.120908000000000000e+06
3.219760000000000000e+05 5.125908000000000000e+06
3.219760000000000000e+05 5.130908000000000000e+06
3.219760000000000000e+05 5.135908000000000000e+06
3.219760000000000000e+05 5.140908000000000000e+06
3.219760000000000000e+05 5.145908000000000000e+06
3.219760000000000000e+05 5.150908000000000000e+06
3.219760000000000000e+05 5.155908000000000000e+06
3.219760000000000000e+05 5.160908000000000000e+06
3.219760000000000000e+05 5.165908000000000000e+06
3.219760000000000000e+05 5.170908000000000000e+06
3.219760000000000000e+05 5.175908000000000000e+06
3.219760000000000000e+05 5.180908000000000000e+06
3.219760000000000000e+05 5.185908000000000000e+06
3.219760000000000000e+05 5.190908000000000000e+06
3.219760000000000000e+05 5.195908000000000000e+06
3.269760000000000000e+05 5.000908000000000000e+06
3.269760000000000000e+05 5.005908000000000000e+06
3.269760000000000000e+05 5.010908000000000000e+06
3.269760000000000000e+05 5.015908000000000000e+06
3.269760000000000000e+05 5.020908000000000000e+06
3.269760000000000000e+05 5.025908000000000000e+06
3.269760000000000000e+05 5.030908000000000000e+06
3.269760000000000000e+05 5.035908000000000000e+06
3.269760000000000000e+05 5.040908000000000000e+06
3.269760000000000000e+05 5.045908000000000000e+06
3.269760000000000000e+05 5.050908000000000000e+06
3.269760000000000000e+05 5.055908000000000000e+06
3.269760000000000000e+05 5.060908000000000000e+06
3.269760000000000000e+05 5.065908000000000000e+06
3.269760000000000000e+05 5.070908000000000000e+06
3.269760000000000000e+05 5.075908000000000000e+06
3.269760000000000000e+05 5.080908000000000000e+06
3.269760000000000000e+05 5.085908000000000000e+06
3.269760000000000000e+05 5.090908000000000000e+06
3.269760000000000000e+05 5.095908000000000000e+06
3.269760000000000000e+05 5.100908000000000000e+06
3.269760000000000000e+05 5.105908000000000000e+06
3.269760000000000000e+05 5.110908000000000000e+06
3.269760000000000000e+05 5.115908000000000000e+06
3.269760000000000000e+05 5.120908000000000000e+06
3.269760000000000000e+05 5.125908000000000000e+06
3.269760000000000000e+05 5.130908000000000000e+06
3.269760000000000000e+05 5.135908000000000000e+06
3.269760000000000000e+05 5.140908000000000000e+06
3.269760000000000000e+05 5.145908000000000000e+06
3.269760000000000000e+05 5.150908000000000000e+06
3.269760000000000000e+05 5.155908000000000000e+06
3.269760000000000000e+05 5.160908000000000000e+06
3.269760000000000000e+05 5.165908000000000000e+06
3.269760000000000000e+05 5.170908000000000000e+06
3.269760000000000000e+05 5.175908000000000000e+06
3.269760000000000000e+05 5.180908000000000000e+06
3.269760000000000000e+05 5.185908000000000000e+06
3.269760000000000000e+05 5.190908000000000000e+06
3.269760000000000000e+05 5.195908000000000000e+06
3.319760000000000000e+05 5.000908000000000000e+06
3.319760000000000000e+05 5.005908000000000000e+06
3.319760000000000000e+05 5.010908000000000000e+06
3.319760000000000000e+05 5.015908000000000000e+06
3.319760000000000000e+05 5.020908000000000000e+06
3.319760000000000000e+05 5.025908000000000000e+06
3.319760000000000000e+05 5.030908000000000000e+06
3.319760000000000000e+05 5.035908000000000000e+06
3.319760000000000000e+05 5.040908000000000000e+06
3.319760000000000000e+05 5.045908000000000000e+06
3.319760000000000000e+05 5.050908000000000000e+06
3.319760000000000000e+05 5.055908000000000000e+06
3.319760000000000000e+05 5.060908000000000000e+06
3.319760000000000000e+05 5.065908000000000000e+06
3.319760000000000000e+05 5.070908000000000000e+06
3.319760000000000000e+05 5.075908000000000000e+06
3.319760000000000000e+05 5.080908000000000000e+06
3.319760000000000000e+05 5.085908000000000000e+06
3.319760000000000000e+05 5.090908000000000000e+06
3.319760000000000000e+05 5.095908000000000000e+06
3.319760000000000000e+05 5.100908000000000000e+06
3.319760000000000000e+05 5.105908000000000000e+06
3.319760000000000000e+05 5.110908000000000000e+06
3.319760000000000000e+05 5.115908000000000000e+06
3.319760000000000000e+05 5.120908000000000000e+06
3.319760000000000000e+05 5.125908000000000000e+06
3.319760000000000000e+05 5.130908000000000000e+06
3.319760000000000000e+05 5.135908000000000000e+06
3.319760000000000000e+05 5.140908000000000000e+06
3.319760000000000000e+05 5.145908000000000000e+06
3.319760000000000000e+05 5.150908000000000000e+06
3.319760000000000000e+05 5.155908000000000000e+06
3.319760000000000000e+05 5.160908000000000000e+06
3.319760000000000000e+05 5.165908000000000000e+06
3.319760000000000000e+05 5.170908000000000000e+06
3.319760000000000000e+05 5.175908000000000000e+06
3.319760000000000000e+05 5.180908000000000000e+06
3.319760000000000000e+05 5.185908000000000000e+06
3.319760000000000000e+05 5.190908000000000000e+06
3.319760000000000000e+05 5.195908000000000000e+06
3.369760000000000000e+05 5.000908000000000000e+06
3.369760000000000000e+05 5.005908000000000000e+06
3.369760000000000000e+05 5.010908000000000000e+06
3.369760000000000000e+05 5.015908000000000000e+06
3.369760000000000000e+05 5.020908000000000000e+06
3.369760000000000000e+05 5.025908000000000000e+06
3.369760000000000000e+05 5.030908000000000000e+06
3.369760000000000000e+05 5.035908000000000000e+06
3.369760000000000000e+05 5.040908000000000000e+06
3.369760000000000000e+05 5.045908000000000000e+06
3.369760000000000000e+05 5.050908000000000000e+06
3.369760000000000000e+05 5.055908000000000000e+06
3.369760000000000000e+05 5.060908000000000000e+06
3.369760000000000000e+05 5.065908000000000000e+06
3.369760000000000000e+05 5.070908000000000000e+06
3.369760000000000000e+05 5.075908000000000000e+06
3.369760000000000000e+05 5.080908000000000000e+06
3.369760000000000000e+05 5.085908000000000000e+06
3.369760000000000000e+05 5.090908000000000000e+06
3.369760000000000000e+05 5.095908000000000000e+06
3.369760000000000000e+05 5.100908000000000000e+06
3.369760000000000000e+05 5.105908000000000000e+06
3.369760000000000000e+05 5.110908000000000000e+06
3.369760000000000000e+05 5.115908000000000000e+06
3.369760000000000000e+05 5.120908000000000000e+06
3.369760000000000000e+05 5.125908000000000000e+06
3.369760000000000000e+05 5.130908000000000000e+06
3.369760000000000000e+05 5.135908000000000000e+06
3.369760000000000000e+05 5.140908000000000000e+06
3.369760000000000000e+05 5.145908000000000000e+06
3.369760000000000000e+05 5.150908000000000000e+06
3.369760000000000000e+05 5.155908000000000000e+06
3.369760000000000000e+05 5.160908000000000000e+06
3.369760000000000000e+05 5.165908000000000000e+06
3.369760000000000000e+05 5.170908000000000000e+06
3.369760000000000000e+05 5.175908000000000000e+06
3.369760000000000000e+05 5.180908000000000000e+06
3.369760000000000000e+05 5.185908000000000000e+06
3.369760000000000000e+05 5.190908000000000000e+06
3.369760000000000000e+05 5.195908000000000000e+06
3.419760000000000000e+05 5.000908000000000000e+06
3.419760000000000000e+05 5.005908000000000000e+06
3.419760000000000000e+05 5.010908000000000000e+06
3.419760000000000000e+05 5.015908000000000000e+06
3.419760000000000000e+05 5.020908000000000000e+06
3.419760000000000000e+05 5.025908000000000000e+06
3.419760000000000000e+05 5.030908000000000000e+06
3.419760000000000000e+05 5.035908000000000000e+06
3.419760000000000000e+05 5.040908000000000000e+06
3.419760000000000000e+05 5.045908000000000000e+06
3.419760000000000000e+05 5.050908000000000000e+06
3.419760000000000000e+05 5.055908000000000000e+06
3.419760000000000000e+05 5.060908000000000000e+06
3.419760000000000000e+05 5.065908000000000000e+06
3.419760000000000000e+05 5.070908000000000000e+06
3.419760000000000000e+05 5.075908000000000000e+06
3.419760000000000000e+05 5.080908000000000000e+06
3.419760000000000000e+05 5.085908000000000000e+06
3.419760000000000000e+05 5.090908000000000000e+06
3.419760000000000000e+05 5.095908000000000000e+06
3.419760000000000000e+05 5.100908000000000000e+06
3.419760000000000000e+05 5.105908000000000000e+06
3.419760000000000000e+05 5.110908000000000000e+06
3.419760000000000000e+05 5.115908000000000000e+06
3.419760000000000000e+05 5.120908000000000000e+06
3.419760000000000000e+05 5.125908000000000000e+06
3.419760000000000000e+05 5.130908000000000000e+06
3.419760000000000000e+05 5.135908000000000000e+06
3.419760000000000000e+05 5.140908000000000000e+06
3.419760000000000000e+05 5.145908000000000000e+06
3.419760000000000000e+05 5.150908000000000000e+06
3.419760000000000000e+05 5.155908000000000000e+06
3.419760000000000000e+05 5.160908000000000000e+06
3.419760000000000000e+05 5.165908000000000000e+06
3.419760000000000000e+05 5.170908000000000000e+06
3.419760000000000000e+05 5.175908000000000000e+06
3.419760000000000000e+05 5.180908000000000000e+06
3.419760000000000000e+05 5.185908000000000000e+06
3.419760000000000000e+05 5.190908000000000000e+06
3.419760000000000000e+05 5.195908000000000000e+06
3.469760000000000000e+05 5.000908000000000000e+06
3.469760000000000000e+05 5.005908000000000000e+06
3.469760000000000000e+05 5.010908000000000000e+06
3.469760000000000000e+05 5.015908000000000000e+06
3.469760000000000000e+05 5.020908000000000000e+06
3.469760000000000000e+05 5.025908000000000000e+06
3.469760000000000000e+05 5.030908000000000000e+06
3.469760000000000000e+05 5.035908000000000000e+06
3.469760000000000000e+05 5.040908000000000000e+06
3.469760000000000000e+05 5.045908000000000000e+06
3.469760000000000000e+05 5.050908000000000000e+06
3.469760000000000000e+05 5.055908000000000000e+06
3.469760000000000000e+05 5.060908000000000000e+06
3.469760000000000000e+05 5.065908000000000000e+06
3.469760000000000000e+05 5.070908000000000000e+06
3.469760000000000000e+05 5.075908000000000000e+06
3.469760000000000000e+05 5.080908000000000000e+06
3.469760000000000000e+05 5.085908000000000000e+06
3.469760000000000000e+05 5.090908000000000000e+06
3.469760000000000000e+05 5.095908000000000000e+06
3.469760000000000000e+05 5.100908000000000000e+06
3.469760000000000000e+05 5.105908000000000000e+06
3.469760000000000000e+05 5.110908000000000000e+06
3.469760000000000000e+05 5.115908000000000000e+06
3.469760000000000000e+05 5.120908000000000000e+06
3.469760000000000000e+05 5.125908000000000000e+06
3.469760000000000000e+05 5.130908000000000000e+06
3.469760000000000000e+05 5.135908000000000000e+06
3.469760000000000000e+05 5.140908000000000000e+06
3.469760000000000000e+05 5.145908000000000000e+06
3.469760000000000000e+05 5.150908000000000000e+06
3.469760000000000000e+05 5.155908000000000000e+06
3.469760000000000000e+05 5.160908000000000000e+06
3.469760000000000000e+05 5.165908000000000000e+06
3.469760000000000000e+05 5.170908000000000000e+06
3.469760000000000000e+05 5.175908000000000000e+06
3.469760000000000000e+05 5.180908000000000000e+06
3.469760000000000000e+05 5.185908000000000000e+06
3.469760000000000000e+05 5.190908000000000000e+06
3.469760000000000000e+05 5.195908000000000000e+06
3.519760000000000000e+05 5.000908000000000000e+06
3.519760000000000000e+05 5.005908000000000000e+06
3.519760000000000000e+05 5.010908000000000000e+06
3.519760000000000000e+05 5.015908000000000000e+06
3.519760000000000000e+05 5.020908000000000000e+06
3.519760000000000000e+05 5.025908000000000000e+06
3.519760000000000000e+05 5.030908000000000000e+06
3.519760000000000000e+05 5.035908000000000000e+06
3.519760000000000000e+05 5.040908000000000000e+06
3.519760000000000000e+05 5.045908000000000000e+06
3.519760000000000000e+05 5.050908000000000000e+06
3.519760000000000000e+05 5.055908000000000000e+06
3.519760000000000000e+05 5.060908000000000000e+06
3.519760000000000000e+05 5.065908000000000000e+06
3.519760000000000000e+05 5.070908000000000000e+06
3.519760000000000000e+05 5.075908000000000000e+06
3.519760000000000000e+05 5.080908000000000000e+06
3.519760000000000000e+05 5.085908000000000000e+06
3.519760000000000000e+05 5.090908000000000000e+06
3.519760000000000000e+05 5.095908000000000000e+06
3.519760000000000000e+05 5.100908000000000000e+06
3.519760000000000000e+05 5.105908000000000000e+06
3.519760000000000000e+05 5.110908000000000000e+06
3.519760000000000000e+05 5.115908000000000000e+06
3.519760000000000000e+05 5.120908000000000000e+06
3.519760000000000000e+05 5.125908000000000000e+06
3.519760000000000000e+05 5.130908000000000000e+06
3.519760000000000000e+05 5.135908000000000000e+06
3.519760000000000000e+05 5.140908000000000000e+06
3.519760000000000000e+05 5.145908000000000000e+06
3.519760000000000000e+05 5.150908000000000000e+06
3.519760000000000000e+05 5.155908000000000000e+06
3.519760000000000000e+05 5.160908000000000000e+06
3.519760000000000000e+05 5.165908000000000000e+06
3.519760000000000000e+05 5.170908000000000000e+06
3.519760000000000000e+05 5.175908000000000000e+06
3.519760000000000000e+05 5.180908000000000000e+06
3.519760000000000000e+05 5.185908000000000000e+06
3.519760000000000000e+05 5.190908000000000000e+06
3.519760000000000000e+05 5.195908000000000000e+06
3.569760000000000000e+05 5.000908000000000000e+06
3.569760000000000000e+05 5.005908000000000000e+06
3.569760000000000000e+05 5.010908000000000000e+06
3.569760000000000000e+05 5.015908000000000000e+06
3.569760000000000000e+05 5.020908000000000000e+06
3.569760000000000000e+05 5.025908000000000000e+06
3.569760000000000000e+05 5.030908000000000000e+06
3.569760000000000000e+05 5.035908000000000000e+06
3.569760000000000000e+05 5.040908000000000000e+06
3.569760000000000000e+05 5.045908000000000000e+06
3.569760000000000000e+05 5.050908000000000000e+06
3.569760000000000000e+05 5.055908000000000000e+06
3.569760000000000000e+05 5.060908000000000000e+06
3.569760000000000000e+05 5.065908000000000000e+06
3.569760000000000000e+05 5.070908000000000000e+06
3.569760000000000000e+05 5.075908000000000000e+06
3.569760000000000000e+05 5.080908000000000000e+06
3.569760000000000000e+05 5.085908000000000000e+06
3.569760000000000000e+05 5.090908000000000000e+06
3.569760000000000000e+05 5.095908000000000000e+06
3.569760000000000000e+05 5.100908000000000000e+06
3.569760000000000000e+05 5.105908000000000000e+06
3.569760000000000000e+05 5.110908000000000000e+06
3.569760000000000000e+05 5.115908000000000000e+06
3.569760000000000000e+05 5.120908000000000000e+06
3.569760000000000000e+05 5.125908000000000000e+06
3.569760000000000000e+05 5.130908000000000000e+06
3.569760000000000000e+05 5.135908000000000000e+06
3.569760000000000000e+05 5.140908000000000000e+06
3.569760000000000000e+05 5.145908000000000000e+06
3.569760000000000000e+05 5.150908000000000000e+06
3.569760000000000000e+05 5.155908000000000000e+06
3.569760000000000000e+05 5.160908000000000000e+06
3.569760000000000000e+05 5.165908000000000000e+06
3.569760000000000000e+05 5.170908000000000000e+06
3.569760000000000000e+05 5.175908000000000000e+06
3.569760000000000000e+05 5.180908000000000000e+06
3.569760000000000000e+05 5.185908000000000000e+06
3.569760000000000000e+05 5.190908000000000000e+06
3.569760000000000000e+05 5.195908000000000000e+06
3.619760000000000000e+05 5.000908000000000000e+06
3.619760000000000000e+05 5.005908000000000000e+06
3.619760000000000000e+05 5.010908000000000000e+06
3.619760000000000000e+05 5.015908000000000000e+06
3.619760000000000000e+05 5.020908000000000000e+06
3.619760000000000000e+05 5.025908000000000000e+06
3.619760000000000000e+05 5.030908000000000000e+06
3.619760000000000000e+05 5.035908000000000000e+06
3.619760000000000000e+05 5.040908000000000000e+06
3.619760000000000000e+05 5.045908000000000000e+06
3.619760000000000000e+05 5.050908000000000000e+06
3.619760000000000000e+05 5.055908000000000000e+06
3.619760000000000000e+05 5.060908000000000000e+06
3.619760000000000000e+05 5.065908000000000000e+06
3.619760000000000000e+05 5.070908000000000000e+06
3.619760000000000000e+05 5.075908000000000000e+06
3.619760000000000000e+05 5.080908000000000000e+06
3.619760000000000000e+05 5.085908000000000000e+06
3.619760000000000000e+05 5.090908000000000000e+06
3.619760000000000000e+05 5.095908000000000000e+06
3.619760000000000000e+05 5.100908000000000000e+06
3.619760000000000000e+05 5.105908000000000000e+06
3.619760000000000000e+05 5.110908000000000000e+06
3.619760000000000000e+05 5.115908000000000000e+06
3.619760000000000000e+05 5.120908000000000000e+06
3.619760000000000000e+05 5.125908000000000000e+06
3.619760000000000000e+05 5.130908000000000000e+06
3.619760000000000000e+05 5.135908000000000000e+06
3.619760000000000000e+05 5.140908000000000000e+06
3.619760000000000000e+05 5.145908000000000000e+06
3.619760000000000000e+05 5.150908000000000000e+06
3.619760000000000000e+05 5.155908000000000000e+06
3.619760000000000000e+05 5.160908000000000000e+06
3.619760000000000000e+05 5.165908000000000000e+06
3.619760000000000000e+05 5.170908000000000000e+06
3.619760000000000000e+05 5.175908000000000000e+06
3.619760000000000000e+05 5.180908000000000000e+06
3.619760000000000000e+05 5.185908000000000000e+06
3.619760000000000000e+05 5.190908000000000000e+06
3.619760000000000000e+05 5.195908000000000000e+06
3.669760000000000000e+05 5.000908000000000000e+06
3.669760000000000000e+05 5.005908000000000000e+06
3.669760000000000000e+05 5.010908000000000000e+06
3.669760000000000000e+05 5.015908000000000000e+06
3.669760000000000000e+05 5.020908000000000000e+06
3.669760000000000000e+05 5.025908000000000000e+06
3.669760000000000000e+05 5.030908000000000000e+06
3.669760000000000000e+05 5.035908000000000000e+06
3.669760000000000000e+05 5.040908000000000000e+06
3.669760000000000000e+05 5.045908000000000000e+06
3.669760000000000000e+05 5.050908000000000000e+06
3.669760000000000000e+05 5.055908000000000000e+06
3.669760000000000000e+05 5.060908000000000000e+06
3.669760000000000000e+05 5.065908000000000000e+06
3.669760000000000000e+05 5.070908000000000000e+06
3.669760000000000000e+05 5.075908000000000000e+06
3.669760000000000000e+05 5.080908000000000000e+06
3.669760000000000000e+05 5.085908000000000000e+06
3.669760000000000000e+05 5.090908000000000000e+06
3.669760000000000000e+05 5.095908000000000000e+06
3.669760000000000000e+05 5.100908000000000000e+06
3.669760000000000000e+05 5.105908000000000000e+06
3.669760000000000000e+05 5.110908000000000000e+06
3.669760000000000000e+05 5.115908000000000000e+06
3.669760000000000000e+05 5.120908000000000000e+06
3.669760000000000000e+05 5.125908000000000000e+06
3.669760000000000000e+05 5.130908000000000000e+06
3.669760000000000000e+05 5.135908000000000000e+06
3.669760000000000000e+05 5.140908000000000000e+06
3.669760000000000000e+05 5.145908000000000000e+06
3.669760000000000000e+05 5.150908000000000000e+06
3.669760000000000000e+05 5.155908000000000000e+06
3.669760000000000000e+05 5.160908000000000000e+06
3.669760000000000000e+05 5.165908000000000000e+06
3.669760000000000000e+05 5.170908000000000000e+06
3.669760000000000000e+05 5.175908000000000000e+06
3.669760000000000000e+05 5.180908000000000000e+06
3.669760000000000000e+05 5.185908000000000000e+06
3.669760000000000000e+05 5.190908000000000000e+06
3.669760000000000000e+05 5.195908000000000000e+06
3.719760000000000000e+05 5.000908000000000000e+06
3.719760000000000000e+05 5.005908000000000000e+06
3.719760000000000000e+05 5.010908000000000000e+06
3.719760000000000000e+05 5.015908000000000000e+06
3.719760000000000000e+05 5.020908000000000000e+06
3.719760000000000000e+05 5.025908000000000000e+06
3.719760000000000000e+05 5.030908000000000000e+06
3.719760000000000000e+05 5.035908000000000000e+06
3.719760000000000000e+05 5.040908000000000000e+06
3.719760000000000000e+05 5.045908000000000000e+06
3.719760000000000000e+05 5.050908000000000000e+06
3.719760000000000000e+05 5.055908000000000000e+06
3.719760000000000000e+05 5.060908000000000000e+06
3.719760000000000000e+05 5.065908000000000000e+06
3.719760000000000000e+05 5.070908000000000000e+06
3.719760000000000000e+05 5.075908000000000000e+06
3.719760000000000000e+05 5.080908000000000000e+06
3.719760000000000000e+05 5.085908000000000000e+06
3.719760000000000000e+05 5.090908000000000000e+06
3.719760000000000000e+05 5.095908000000000000e+06
3.719760000000000000e+05 5.100908000000000000e+06
3.719760000000000000e+05 5.105908000000000000e+06
3.719760000000000000e+05 5.110908000000000000e+06
3.719760000000000000e+05 5.115908000000000000e+06
3.719760000000000000e+05 5.120908000000000000e+06
3.719760000000000000e+05 5.125908000000000000e+06
3.719760000000000000e+05 5.130908000000000000e+06
3.719760000000000000e+05 5.135908000000000000e+06
3.719760000000000000e+05 5.140908000000000000e+06
3.719760000000000000e+05 5.145908000000000000e+06
3.719760000000000000e+05 5.150908000000000000e+06
3.719760000000000000e+05 5.155908000000000000e+06
3.719760000000000000e+05 5.160908000000000000e+06
3.719760000000000000e+05 5.165908000000000000e+06
3.719760000000000000e+05 5.170908000000000000e+06
3.719760000000000000e+05 5.175908000000000000e+06
3.719760000000000000e+05 5.180908000000000000e+06
3.719760000000000000e+05 5.185908000000000000e+06
3.719760000000000000e+05 5.190908000000000000e+06
3.719760000000000000e+05 5.195908000000000000e+06
3.769760000000000000e+05 5.000908000000000000e+06
3.769760000000000000e+05 5.005908000000000000e+06
3.769760000000000000e+05 5.010908000000000000e+06
3.769760000000000000e+05 5.015908000000000000e+06
3.769760000000000000e+05 5.020908000000000000e+06
3.769760000000000000e+05 5.025908000000000000e+06
3.769760000000000000e+05 5.030908000000000000e+06
3.769760000000000000e+05 5.035908000000000000e+06
3.769760000000000000e+05 5.040908000000000000e+06
3.769760000000000000e+05 5.045908000000000000e+06
3.769760000000000000e+05 5.050908000000000000e+06
3.769760000000000000e+05 5.055908000000000000e+06
3.769760000000000000e+05 5.060908000000000000e+06
3.769760000000000000e+05 5.065908000000000000e+06
3.769760000000000000e+05 5.070908000000000000e+06
3.769760000000000000e+05 5.075908000000000000e+06
3.769760000000000000e+05 5.080908000000000000e+06
3.769760000000000000e+05 5.085908000000000000e+06
3.769760000000000000e+05 5.090908000000000000e+06
3.769760000000000000e+05 5.095908000000000000e+06
3.769760000000000000e+05 5.100908000000000000e+06
3.769760000000000000e+05 5.105908000000000000e+06
3.769760000000000000e+05 5.110908000000000000e+06
3.769760000000000000e+05 5.115908000000000000e+06
3.769760000000000000e+05 5.120908000000000000e+06
3.769760000000000000e+05 5.125908000000000000e+06
3.769760000000000000e+05 5.130908000000000000e+06
3.769760000000000000e+05 5.135908000000000000e+06
3.769760000000000000e+05 5.140908000000000000e+06
3.769760000000000000e+05 5.145908000000000000e+06
3.769760000000000000e+05 5.150908000000000000e+06
3.769760000000000000e+05 5.155908000000000000e+06
3.769760000000000000e+05 5.160908000000000000e+06
3.769760000000000000e+05 5.165908000000000000e+06
3.769760000000000000e+05 5.170908000000000000e+06
3.769760000000000000e+05 5.175908000000000000e+06
3.769760000000000000e+05 5.180908000000000000e+06
3.769760000000000000e+05 5.185908000000000000e+06
3.769760000000000000e+05 5.190908000000000000e+06
3.769760000000000000e+05 5.195908000000000000e+06
3.819760000000000000e+05 5.000908000000000000e+06
3.819760000000000000e+05 5.005908000000000000e+06
3.819760000000000000e+05 5.010908000000000000e+06
3.819760000000000000e+05 5.015908000000000000e+06
3.819760000000000000e+05 5.020908000000000000e+06
3.819760000000000000e+05 5.025908000000000000e+06
3.819760000000000000e+05 5.030908000000000000e+06
3.819760000000000000e+05 5.035908000000000000e+06
3.819760000000000000e+05 5.040908000000000000e+06
3.819760000000000000e+05 5.045908000000000000e+06
3.819760000000000000e+05 5.050908000000000000e+06
3.819760000000000000e+05 5.055908000000000000e+06
3.819760000000000000e+05 5.060908000000000000e+06
3.819760000000000000e+05 5.065908000000000000e+06
3.819760000000000000e+05 5.070908000000000000e+06
3.819760000000000000e+05 5.075908000000000000e+06
3.819760000000000000e+05 5.080908000000000000e+06
3.819760000000000000e+05 5.085908000000000000e+06
3.819760000000000000e+05 5.090908000000000000e+06
3.819760000000000000e+05 5.095908000000000000e+06
3.819760000000000000e+05 5.100908000000000000e+06
3.819760000000000000e+05 5.105908000000000000e+06
3.819760000000000000e+05 5.110908000000000000e+06
3.819760000000000000e+05 5.115908000000000000e+06
3.819760000000000000e+05 5.120908000000000000e+06
3.819760000000000000e+05 5.125908000000000000e+06
3.819760000000000000e+05 5.130908000000000000e+06
3.819760000000000000e+05 5.135908000000000000e+06
3.819760000000000000e+05 5.140908000000000000e+06
3.819760000000000000e+05 5.145908000000000000e+06
3.819760000000000000e+05 5.150908000000000000e+06
3.819760000000000000e+05 5.155908000000000000e+06
3.819760000000000000e+05 5.160908000000000000e+06
3.819760000000000000e+05 5.165908000000000000e+06
3.819760000000000000e+05 5.170908000000000000e+06
3.819760000000000000e+05 5.175908000000000000e+06
3.819760000000000000e+05 5.180908000000000000e+06
3.819760000000000000e+05 5.185908000000000000e+06
3.819760000000000000e+05 5.190908000000000000e+06
3.819760000000000000e+05 5.195908000000000000e+06
3.869760000000000000e+05 5.000908000000000000e+06
3.869760000000000000e+05 5.005908000000000000e+06
3.869760000000000000e+05 5.010908000000000000e+06
3.869760000000000000e+05 5.015908000000000000e+06
3.869760000000000000e+05 5.020908000000000000e+06
3.869760000000000000e+05 5.025908000000000000e+06
3.869760000000000000e+05 5.030908000000000000e+06
3.869760000000000000e+05 5.035908000000000000e+06
3.869760000000000000e+05 5.040908000000000000e+06
3.869760000000000000e+05 5.045908000000000000e+06
3.869760000000000000e+05 5.050908000000000000e+06
3.869760000000000000e+05 5.055908000000000000e+06
3.869760000000000000e+05 5.060908000000000000e+06
3.869760000000000000e+05 5.065908000000000000e+06
3.869760000000000000e+05 5.070908000000000000e+06
3.869760000000000000e+05 5.075908000000000000e+06
3.869760000000000000e+05 5.080908000000000000e+06
3.869760000000000000e+05 5.085908000000000000e+06
3.869760000000000000e+05 5.090908000000000000e+06
3.869760000000000000e+05 5.095908000000000000e+06
3.869760000000000000e+05 5.100908000000000000e+06
3.869760000000000000e+05 5.105908000000000000e+06
3.869760000000000000e+05 5.110908000000000000e+06
3.869760000000000000e+05 5.115908000000000000e+06
3.869760000000000000e+05 5.120908000000000000e+06
3.869760000000000000e+05 5.125908000000000000e+06
3.869760000000000000e+05 5.130908000000000000e+06
3.869760000000000000e+05 5.135908000000000000e+06
3.869760000000000000e+05 5.140908000000000000e+06
3.869760000000000000e+05 5.145908000000000000e+06
3.869760000000000000e+05 5.150908000000000000e+06
3.869760000000000000e+05 5.155908000000000000e+06
3.869760000000000000e+05 5.160908000000000000e+06
3.869760000000000000e+05 5.165908000000000000e+06
3.869760000000000000e+05 5.170908000000000000e+06
3.869760000000000000e+05 5.175908000000000000e+06
3.869760000000000000e+05 5.180908000000000000e+06
3.869760000000000000e+05 5.185908000000000000e+06
3.869760000000000000e+05 5.190908000000000000e+06
3.869760000000000000e+05 5.195908000000000000e+06
3.919760000000000000e+05 5.000908000000000000e+06
3.919760000000000000e+05 5.005908000000000000e+06
3.919760000000000000e+05 5.010908000000000000e+06
3.919760000000000000e+05 5.015908000000000000e+06
3.919760000000000000e+05 5.020908000000000000e+06
3.919760000000000000e+05 5.025908000000000000e+06
3.919760000000000000e+05 5.030908000000000000e+06
3.919760000000000000e+05 5.035908000000000000e+06
3.919760000000000000e+05 5.040908000000000000e+06
3.919760000000000000e+05 5.045908000000000000e+06
3.919760000000000000e+05 5.050908000000000000e+06
3.919760000000000000e+05 5.055908000000000000e+06
3.919760000000000000e+05 5.060908000000000000e+06
3.919760000000000000e+05 5.065908000000000000e+06
3.919760000000000000e+05 5.070908000000000000e+06
3.919760000000000000e+05 5.075908000000000000e+06
3.919760000000000000e+05 5.080908000000000000e+06
3.919760000000000000e+05 5.085908000000000000e+06
3.919760000000000000e+05 5.090908000000000000e+06
3.919760000000000000e+05 5.095908000000000000e+06
3.919760000000000000e+05 5.100908000000000000e+06
3.919760000000000000e+05 5.105908000000000000e+06
3.919760000000000000e+05 5.110908000000000000e+06
3.919760000000000000e+05 5.115908000000000000e+06
3.919760000000000000e+05 5.120908000000000000e+06
3.919760000000000000e+05 5.125908000000000000e+06
3.919760000000000000e+05 5.130908000000000000e+06
3.919760000000000000e+05 5.135908000000000000e+06
3.919760000000000000e+05 5.140908000000000000e+06
3.919760000000000000e+05 5.145908000000000000e+06
3.919760000000000000e+05 5.150908000000000000e+06
3.919760000000000000e+05 5.155908000000000000e+06
3.919760000000000000e+05 5.160908000000000000e+06
3.919760000000000000e+05 5.165908000000000000e+06
3.919760000000000000e+05 5.170908000000000000e+06
3.919760000000000000e+05 5.175908000000000000e+06
3.919760000000000000e+05 5.180908000000000000e+06
3.919760000000000000e+05 5.185908000000000000e+06
3.919760000000000000e+05 5.190908000000000000e+06
3.919760000000000000e+05 5.195908000000000000e+06
3.969760000000000000e+05 5.000908000000000000e+06
3.969760000000000000e+05 5.005908000000000000e+06
3.969760000000000000e+05 5.010908000000000000e+06
3.969760000000000000e+05 5.015908000000000000e+06
3.969760000000000000e+05 5.020908000000000000e+06
3.969760000000000000e+05 5.025908000000000000e+06
3.969760000000000000e+05 5.030908000000000000e+06
3.969760000000000000e+05 5.035908000000000000e+06
3.969760000000000000e+05 5.040908000000000000e+06
3.969760000000000000e+05 5.045908000000000000e+06
3.969760000000000000e+05 5.050908000000000000e+06
3.969760000000000000e+05 5.055908000000000000e+06
3.969760000000000000e+05 5.060908000000000000e+06
3.969760000000000000e+05 5.065908000000000000e+06
3.969760000000000000e+05 5.070908000000000000e+06
3.969760000000000000e+05 5.075908000000000000e+06
3.969760000000000000e+05 5.080908000000000000e+06
3.969760000000000000e+05 5.085908000000000000e+06
3.969760000000000000e+05 5.090908000000000000e+06
3.969760000000000000e+05 5.095908000000000000e+06
3.969760000000000000e+05 5.100908000000000000e+06
3.969760000000000000e+05 5.105908000000000000e+06
3.969760000000000000e+05 5.110908000000000000e+06
3.969760000000000000e+05 5.115908000000000000e+06
3.969760000000000000e+05 5.120908000000000000e+06
3.969760000000000000e+05 5.125908000000000000e+06
3.969760000000000000e+05 5.130908000000000000e+06
3.969760000000000000e+05 5.135908000000000000e+06
3.969760000000000000e+05 5.140908000000000000e+06
3.969760000000000000e+05 5.145908000000000000e+06
3.969760000000000000e+05 5.150908000000000000e+06
3.969760000000000000e+05 5.155908000000000000e+06
3.969760000000000000e+05 5.160908000000000000e+06
3.969760000000000000e+05 5.165908000000000000e+06
3.969760000000000000e+05 5.170908000000000000e+06
3.969760000000000000e+05 5.175908000000000000e+06
3.969760000000000000e+05 5.180908000000000000e+06
3.969760000000000000e+05 5.185908000000000000e+06
3.969760000000000000e+05 5.190908000000000000e+06
3.969760000000000000e+05 5.195908000000000000e+06
4.019760000000000000e+05 5.000908000000000000e+06
4.019760000000000000e+05 5.005908000000000000e+06
4.019760000000000000e+05 5.010908000000000000e+06
4.019760000000000000e+05 5.015908000000000000e+06
4.019760000000000000e+05 5.020908000000000000e+06
4.019760000000000000e+05 5.025908000000000000e+06
4.019760000000000000e+05 5.030908000000000000e+06
4.019760000000000000e+05 5.035908000000000000e+06
4.019760000000000000e+05 5.040908000000000000e+06
4.019760000000000000e+05 5.045908000000000000e+06
4.019760000000000000e+05 5.050908000000000000e+06
4.019760000000000000e+05 5.055908000000000000e+06
4.019760000000000000e+05 5.060908000000000000e+06
4.019760000000000000e+05 5.065908000000000000e+06
4.019760000000000000e+05 5.070908000000000000e+06
4.019760000000000000e+05 5.075908000000000000e+06
4.019760000000000000e+05 5.080908000000000000e+06
4.019760000000000000e+05 5.085908000000000000e+06
4.019760000000000000e+05 5.090908000000000000e+06
4.019760000000000000e+05 5.095908000000000000e+06
4.019760000000000000e+05 5.100908000000000000e+06
4.019760000000000000e+05 5.105908000000000000e+06
4.019760000000000000e+05 5.110908000000000000e+06
4.019760000000000000e+05 5.115908000000000000e+06
4.019760000000000000e+05 5.120908000000000000e+06
4.019760000000000000e+05 5.125908000000000000e+06
4.019760000000000000e+05 5.130908000000000000e+06
4.019760000000000000e+05 5.135908000000000000e+06
4.019760000000000000e+05 5.140908000000000000e+06
4.019760000000000000e+05 5.145908000000000000e+06
4.019760000000000000e+05 5.150908000000000000e+06
4.019760000000000000e+05 5.155908000000000000e+06
4.019760000000000000e+05 5.160908000000000000e+06
4.019760000000000000e+05 5.165908000000000000e+06
4.019760000000000000e+05 5.170908000000000000e+06
4.019760000000000000e+05 5.175908000000000000e+06
4.019760000000000000e+05 5.180908000000000000e+06
4.019760000000000000e+05 5.185908000000000000e+06
4.019760000000000000e+05 5.190908000000000000e+06
4.019760000000000000e+05 5.195908000000000000e+06
4.069760000000000000e+05 5.000908000000000000e+06
4.069760000000000000e+05 5.005908000000000000e+06
4.069760000000000000e+05 5.010908000000000000e+06
4.069760000000000000e+05 5.015908000000000000e+06
4.069760000000000000e+05 5.020908000000000000e+06
4.069760000000000000e+05 5.025908000000000000e+06
4.069760000000000000e+05 5.030908000000000000e+06
4.069760000000000000e+05 5.035908000000000000e+06
4.069760000000000000e+05 5.040908000000000000e+06
4.069760000000000000e+05 5.045908000000000000e+06
4.069760000000000000e+05 5.050908000000000000e+06
4.069760000000000000e+05 5.055908000000000000e+06
4.069760000000000000e+05 5.060908000000000000e+06
4.069760000000000000e+05 5.065908000000000000e+06
4.069760000000000000e+05 5.070908000000000000e+06
4.069760000000000000e+05 5.075908000000000000e+06
4.069760000000000000e+05 5.080908000000000000e+06
4.069760000000000000e+05 5.085908000000000000e+06
4.069760000000000000e+05 5.090908000000000000e+06
4.069760000000000000e+05 5.095908000000000000e+06
4.069760000000000000e+05 5.100908000000000000e+06
4.069760000000000000e+05 5.105908000000000000e+06
4.069760000000000000e+05 5.110908000000000000e+06
4.069760000000000000e+05 5.115908000000000000e+06
4.069760000000000000e+05 5.120908000000000000e+06
4.069760000000000000e+05 5.125908000000000000e+06
4.069760000000000000e+05 5.130908000000000000e+06
4.069760000000000000e+05 5.135908000000000000e+06
4.069760000000000000e+05 5.140908000000000000e+06
4.069760000000000000e+05 5.145908000000000000e+06
4.069760000000000000e+05 5.150908000000000000e+06
4.069760000000000000e+05 5.155908000000000000e+06
4.069760000000000000e+05 5.160908000000000000e+06
4.069760000000000000e+05 5.165908000000000000e+06
4.069760000000000000e+05 5.170908000000000000e+06
4.069760000000000000e+05 5.175908000000000000e+06
4.069760000000000000e+05 5.180908000000000000e+06
4.069760000000000000e+05 5.185908000000000000e+06
4.069760000000000000e+05 5.190908000000000000e+06
4.069760000000000000e+05 5.195908000000000000e+06
4.119760000000000000e+05 5.000908000000000000e+06
4.119760000000000000e+05 5.005908000000000000e+06
4.119760000000000000e+05 5.010908000000000000e+06
4.119760000000000000e+05 5.015908000000000000e+06
4.119760000000000000e+05 5.020908000000000000e+06
4.119760000000000000e+05 5.025908000000000000e+06
4.119760000000000000e+05 5.030908000000000000e+06
4.119760000000000000e+05 5.035908000000000000e+06
4.119760000000000000e+05 5.040908000000000000e+06
4.119760000000000000e+05 5.045908000000000000e+06
4.119760000000000000e+05 5.050908000000000000e+06
4.119760000000000000e+05 5.055908000000000000e+06
4.119760000000000000e+05 5.060908000000000000e+06
4.119760000000000000e+05 5.065908000000000000e+06
4.119760000000000000e+05 5.070908000000000000e+06
4.119760000000000000e+05 5.075908000000000000e+06
4.119760000000000000e+05 5.080908000000000000e+06
4.119760000000000000e+05 5.085908000000000000e+06
4.119760000000000000e+05 5.090908000000000000e+06
4.119760000000000000e+05 5.095908000000000000e+06
4.119760000000000000e+05 5.100908000000000000e+06
4.119760000000000000e+05 5.105908000000000000e+06
4.119760000000000000e+05 5.110908000000000000e+06
4.119760000000000000e+05 5.115908000000000000e+06
4.119760000000000000e+05 5.120908000000000000e+06
4.119760000000000000e+05 5.125908000000000000e+06
4.119760000000000000e+05 5.130908000000000000e+06
4.119760000000000000e+05 5.135908000000000000e+06
4.119760000000000000e+05 5.140908000000000000e+06
4.119760000000000000e+05 5.145908000000000000e+06
4.119760000000000000e+05 5.150908000000000000e+06
4.119760000000000000e+05 5.155908000000000000e+06
4.119760000000000000e+05 5.160908000000000000e+06
4.119760000000000000e+05 5.165908000000000000e+06
4.119760000000000000e+05 5.170908000000000000e+06
4.119760000000000000e+05 5.175908000000000000e+06
4.119760000000000000e+05 5.180908000000000000e+06
4.119760000000000000e+05 5.185908000000000000e+06
4.119760000000000000e+05 5.190908000000000000e+06
4.119760000000000000e+05 5.195908000000000000e+06
4.169760000000000000e+05 5.000908000000000000e+06
4.169760000000000000e+05 5.005908000000000000e+06
4.169760000000000000e+05 5.010908000000000000e+06
4.169760000000000000e+05 5.015908000000000000e+06
4.169760000000000000e+05 5.020908000000000000e+06
4.169760000000000000e+05 5.025908000000000000e+06
4.169760000000000000e+05 5.030908000000000000e+06
4.169760000000000000e+05 5.035908000000000000e+06
4.169760000000000000e+05 5.040908000000000000e+06
4.169760000000000000e+05 5.045908000000000000e+06
4.169760000000000000e+05 5.050908000000000000e+06
4.169760000000000000e+05 5.055908000000000000e+06
4.169760000000000000e+05 5.060908000000000000e+06
4.169760000000000000e+05 5.065908000000000000e+06
4.169760000000000000e+05 5.070908000000000000e+06
4.169760000000000000e+05 5.075908000000000000e+06
4.169760000000000000e+05 5.080908000000000000e+06
4.169760000000000000e+05 5.085908000000000000e+06
4.169760000000000000e+05 5.090908000000000000e+06
4.169760000000000000e+05 5.095908000000000000e+06
4.169760000000000000e+05 5.100908000000000000e+06
4.169760000000000000e+05 5.105908000000000000e+06
4.169760000000000000e+05 5.110908000000000000e+06
4.169760000000000000e+05 5.115908000000000000e+06
4.169760000000000000e+05 5.120908000000000000e+06
4.169760000000000000e+05 5.125908000000000000e+06
4.169760000000000000e+05 5.130908000000000000e+06
4.169760000000000000e+05 5.135908000000000000e+06
4.169760000000000000e+05 5.140908000000000000e+06
4.169760000000000000e+05 5.145908000000000000e+06
4.169760000000000000e+05 5.150908000000000000e+06
4.169760000000000000e+05 5.155908000000000000e+06
4.169760000000000000e+05 5.160908000000000000e+06
4.169760000000000000e+05 5.165908000000000000e+06
4.169760000000000000e+05 5.170908000000000000e+06
4.169760000000000000e+05 5.175908000000000000e+06
4.169760000000000000e+05 5.180908000000000000e+06
4.169760000000000000e+05 5.185908000000000000e+06
4.169760000000000000e+05 5.190908000000000000e+06
4.169760000000000000e+05 5.195908000000000000e+06
4.219760000000000000e+05 5.000908000000000000e+06
4.219760000000000000e+05 5.005908000000000000e+06
4.219760000000000000e+05 5.010908000000000000e+06
4.219760000000000000e+05 5.015908000000000000e+06
4.219760000000000000e+05 5.020908000000000000e+06
4.219760000000000000e+05 5.025908000000000000e+06
4.219760000000000000e+05 5.030908000000000000e+06
4.219760000000000000e+05 5.035908000000000000e+06
4.219760000000000000e+05 5.040908000000000000e+06
4.219760000000000000e+05 5.045908000000000000e+06
4.219760000000000000e+05 5.050908000000000000e+06
4.219760000000000000e+05 5.055908000000000000e+06
4.219760000000000000e+05 5.060908000000000000e+06
4.219760000000000000e+05 5.065908000000000000e+06
4.219760000000000000e+05 5.070908000000000000e+06
4.219760000000000000e+05 5.075908000000000000e+06
4.219760000000000000e+05 5.080908000000000000e+06
4.219760000000000000e+05 5.085908000000000000e+06
4.219760000000000000e+05 5.090908000000000000e+06
4.219760000000000000e+05 5.095908000000000000e+06
4.219760000000000000e+05 5.100908000000000000e+06
4.219760000000000000e+05 5.105908000000000000e+06
4.219760000000000000e+05 5.110908000000000000e+06
4.219760000000000000e+05 5.115908000000000000e+06
4.219760000000000000e+05 5.120908000000000000e+06
4.219760000000000000e+05 5.125908000000000000e+06
4.219760000000000000e+05 5.130908000000000000e+06
4.219760000000000000e+05 5.135908000000000000e+06
4.219760000000000000e+05 5.140908000000000000e+06
4.219760000000000000e+05 5.145908000000000000e+06
4.219760000000000000e+05 5.150908000000000000e+06
4.219760000000000000e+05 5.155908000000000000e+06
4.219760000000000000e+05 5.160908000000000000e+06
4.219760000000000000e+05 5.165908000000000000e+06
4.219760000000000000e+05 5.170908000000000000e+06
4.219760000000000000e+05 5.175908000000000000e+06
4.219760000000000000e+05 5.180908000000000000e+06
4.219760000000000000e+05 5.185908000000000000e+06
4.219760000000000000e+05 5.190908000000000000e+06
4.219760000000000000e+05 5.195908000000000000e+06
4.269760000000000000e+05 5.000908000000000000e+06
4.269760000000000000e+05 5.005908000000000000e+06
4.269760000000000000e+05 5.010908000000000000e+06
4.269760000000000000e+05 5.015908000000000000e+06
4.269760000000000000e+05 5.020908000000000000e+06
4.269760000000000000e+05 5.025908000000000000e+06
4.269760000000000000e+05 5.030908000000000000e+06
4.269760000000000000e+05 5.035908000000000000e+06
4.269760000000000000e+05 5.040908000000000000e+06
4.269760000000000000e+05 5.045908000000000000e+06
4.269760000000000000e+05 5.050908000000000000e+06
4.269760000000000000e+05 5.055908000000000000e+06
4.269760000000000000e+05 5.060908000000000000e+06
4.269760000000000000e+05 5.065908000000000000e+06
4.269760000000000000e+05 5.070908000000000000e+06
4.269760000000000000e+05 5.075908000000000000e+06
4.269760000000000000e+05 5.080908000000000000e+06
4.269760000000000000e+05 5.085908000000000000e+06
4.269760000000000000e+05 5.090908000000000000e+06
4.269760000000000000e+05 5.095908000000000000e+06
4.269760000000000000e+05 5.100908000000000000e+06
4.269760000000000000e+05 5.105908000000000000e+06
4.269760000000000000e+05 5.110908000000000000e+06
4.269760000000000000e+05 5.115908000000000000e+06
4.269760000000000000e+05 5.120908000000000000e+06
4.269760000000000000e+05 5.125908000000000000e+06
4.269760000000000000e+05 5.130908000000000000e+06
4.269760000000000000e+05 5.135908000000000000e+06
4.269760000000000000e+05 5.140908000000000000e+06
4.269760000000000000e+05 5.145908000000000000e+06
4.269760000000000000e+05 5.150908000000000000e+06
4.269760000000000000e+05 5.155908000000000000e+06
4.269760000000000000e+05 5.160908000000000000e+06
4.269760000000000000e+05 5.165908000000000000e+06
4.269760000000000000e+05 5.170908000000000000e+06
4.269760000000000000e+05 5.175908000000000000e+06
4.269760000000000000e+05 5.180908000000000000e+06
4.269760000000000000e+05 5.185908000000000000e+06
4.269760000000000000e+05 5.190908000000000000e+06
4.269760000000000000e+05 5.195908000000000000e+06
4.319760000000000000e+05 5.000908000000000000e+06
4.319760000000000000e+05 5.005908000000000000e+06
4.319760000000000000e+05 5.010908000000000000e+06
4.319760000000000000e+05 5.015908000000000000e+06
4.319760000000000000e+05 5.020908000000000000e+06
4.319760000000000000e+05 5.025908000000000000e+06
4.319760000000000000e+05 5.030908000000000000e+06
4.319760000000000000e+05 5.035908000000000000e+06
4.319760000000000000e+05 5.040908000000000000e+06
4.319760000000000000e+05 5.045908000000000000e+06
4.319760000000000000e+05 5.050908000000000000e+06
4.319760000000000000e+05 5.055908000000000000e+06
4.319760000000000000e+05 5.060908000000000000e+06
4.319760000000000000e+05 5.065908000000000000e+06
4.319760000000000000e+05 5.070908000000000000e+06
4.319760000000000000e+05 5.075908000000000000e+06
4.319760000000000000e+05 5.080908000000000000e+06
4.319760000000000000e+05 5.085908000000000000e+06
4.319760000000000000e+05 5.090908000000000000e+06
4.319760000000000000e+05 5.095908000000000000e+06
4.319760000000000000e+05 5.100908000000000000e+06
4.319760000000000000e+05 5.105908000000000000e+06
4.319760000000000000e+05 5.110908000000000000e+06
4.319760000000000000e+05 5.115908000000000000e+06
4.319760000000000000e+05 5.120908000000000000e+06
4.319760000000000000e+05 5.125908000000000000e+06
4.319760000000000000e+05 5.130908000000000000e+06
4.319760000000000000e+05 5.135908000000000000e+06
4.319760000000000000e+05 5.140908000000000000e+06
4.319760000000000000e+05 5.145908000000000000e+06
4.319760000000000000e+05 5.150908000000000000e+06
4.319760000000000000e+05 5.155908000000000000e+06
4.319760000000000000e+05 5.160908000000000000e+06
4.319760000000000000e+05 5.165908000000000000e+06
4.319760000000000000e+05 5.170908000000000000e+06
4.319760000000000000e+05 5.175908000000000000e+06
4.319760000000000000e+05 5.180908000000000000e+06
4.319760000000000000e+05 5.185908000000000000e+06
4.319760000000000000e+05 5.190908000000000000e+06
4.319760000000000000e+05 5.195908000000000000e+06
