2.369760000000000000e+05 4.800880000000000000e+06
2.369760000000000000e+05 4.805880000000000000e+06
2.369760000000000000e+05 4.810880000000000000e+06
2.369760000000000000e+05 4.815880000000000000e+06
2.369760000000000000e+05 4.820880000000000000e+06
2.369760000000000000e+05 4.825880000000000000e+06
2.369760000000000000e+05 4.830880000000000000e+06
2.369760000000000000e+05 4.835880000000000000e+06
2.369760000000000000e+05 4.840880000000000000e+06
2.369760000000000000e+05 4.845880000000000000e+06
2.369760000000000000e+05 4.850880000000000000e+06
2.369760000000000000e+05 4.855880000000000000e+06
2.369760000000000000e+05 4.860880000000000000e+06
2.369760000000000000e+05 4.865880000000000000e+06
2.369760000000000000e+05 4.870880000000000000e+06
2.369760000000000000e+05 4.875880000000000000e+06
2.369760000000000000e+05 4.880880000000000000e+06
2.369760000000000000e+05 4.885880000000000000e+06
2.369760000000000000e+05 4.890880000000000000e+06
2.369760000000000000e+05 4.895880000000000000e+06
2.369760000000000000e+05 4.900880000000000000e+06
2.369760000000000000e+05 4.905880000000000000e+06
2.369760000000000000e+05 4.910880000000000000e+06
2.369760000000000000e+05 4.915880000000000000e+06
2.369760000000000000e+05 4.920880000000000000e+06
2.369760000000000000e+05 4.925880000000000000e+06
2.369760000000000000e+05 4.930880000000000000e+06
2.369760000000000000e+05 4.935880000000000000e+06
2.369760000000000000e+05 4.940880000000000000e+06
2.369760000000000000e+05 4.945880000000000000e+06
2.369760000000000000e+05 4.950880000000000000e+06
2.369760000000000000e+05 4.955880000000000000e+06
2.369760000000000000e+05 4.960880000000000000e+06
2.369760000000000000e+05 4.965880000000000000e+06
2.369760000000000000e+05 4.970880000000000000e+06
2.369760000000000000e+05 4.975880000000000000e+06
2.369760000000000000e+05 4.980880000000000000e+06
2.369760000000000000e+05 4.985880000000000000e+06
2.369760000000000000e+05 4.990880000000000000e+06
2.369760000000000000e+05 4.995880000000000000e+06
2.369760000000000000e+05 5.000880000000000000e+06
2.419760000000000000e+05 4.800880000000000000e+06
2.419760000000000000e+05 4.805880000000000000e+06
2.419760000000000000e+05 4.810880000000000000e+06
2.419760000000000000e+05 4.815880000000000000e+06
2.419760000000000000e+05 4.820880000000000000e+06
2.419760000000000000e+05 4.825880000000000000e+06
2.419760000000000000e+05 4.830880000000000000e+06
2.419760000000000000e+05 4.835880000000000000e+06
2.419760000000000000e+05 4.840880000000000000e+06
2.419760000000000000e+05 4.845880000000000000e+06
2.419760000000000000e+05 4.850880000000000000e+06
2.419760000000000000e+05 4.855880000000000000e+06
2.419760000000000000e+05 4.860880000000000000e+06
2.419760000000000000e+05 4.865880000000000000e+06
2.419760000000000000e+05 4.870880000000000000e+06
2.419760000000000000e+05 4.875880000000000000e+06
2.419760000000000000e+05 4.880880000000000000e+06
2.419760000000000000e+05 4.885880000000000000e+06
2.419760000000000000e+05 4.890880000000000000e+06
2.419760000000000000e+05 4.895880000000000000e+06
2.419760000000000000e+05 4.900880000000000000e+06
2.419760000000000000e+05 4.905880000000000000e+06
2.419760000000000000e+05 4.910880000000000000e+06
2.419760000000000000e+05 4.915880000000000000e+06
2.419760000000000000e+05 4.920880000000000000e+06
2.419760000000000000e+05 4.925880000000000000e+06
2.419760000000000000e+05 4.930880000000000000e+06
2.419760000000000000e+05 4.935880000000000000e+06
2.419760000000000000e+05 4.940880000000000000e+06
2.419760000000000000e+05 4.945880000000000000e+06
2.419760000000000000e+05 4.950880000000000000e+06
2.419760000000000000e+05 4.955880000000000000e+06
2.419760000000000000e+05 4.960880000000000000e+06
2.419760000000000000e+05 4.965880000000000000e+06
2.419760000000000000e+05 4.970880000000000000e+06
2.419760000000000000e+05 4.975880000000000000e+06
2.419760000000000000e+05 4.980880000000000000e+06
2.419760000000000000e+05 4.985880000000000000e+06
2.419760000000000000e+05 4.990880000000000000e+06
2.419760000000000000e+05 4.995880000000000000e+06
2.419760000000000000e+05 5.000880000000000000e+06
2.469760000000000000e+05 4.800880000000000000e+06
2.469760000000000000e+05 4.805880000000000000e+06
2.469760000000000000e+05 4.810880000000000000e+06
2.469760000000000000e+05 4.815880000000000000e+06
2.469760000000000000e+05 4.820880000000000000e+06
2.469760000000000000e+05 4.825880000000000000e+06
2.469760000000000000e+05 4.830880000000000000e+06
2.469760000000000000e+05 4.835880000000000000e+06
2.469760000000000000e+05 4.840880000000000000e+06
2.469760000000000000e+05 4.845880000000000000e+06
2.469760000000000000e+05 4.850880000000000000e+06
2.469760000000000000e+05 4.855880000000000000e+06
2.469760000000000000e+05 4.860880000000000000e+06
2.469760000000000000e+05 4.865880000000000000e+06
2.469760000000000000e+05 4.870880000000000000e+06
2.469760000000000000e+05 4.875880000000000000e+06
2.469760000000000000e+05 4.880880000000000000e+06
2.469760000000000000e+05 4.885880000000000000e+06
2.469760000000000000e+05 4.890880000000000000e+06
2.469760000000000000e+05 4.895880000000000000e+06
2.469760000000000000e+05 4.900880000000000000e+06
2.469760000000000000e+05 4.905880000000000000e+06
2.469760000000000000e+05 4.910880000000000000e+06
2.469760000000000000e+05 4.915880000000000000e+06
2.469760000000000000e+05 4.920880000000000000e+06
2.469760000000000000e+05 4.925880000000000000e+06
2.469760000000000000e+05 4.930880000000000000e+06
2.469760000000000000e+05 4.935880000000000000e+06
2.469760000000000000e+05 4.940880000000000000e+06
2.469760000000000000e+05 4.945880000000000000e+06
2.469760000000000000e+05 4.950880000000000000e+06
2.469760000000000000e+05 4.955880000000000000e+06
2.469760000000000000e+05 4.960880000000000000e+06
2.469760000000000000e+05 4.965880000000000000e+06
2.469760000000000000e+05 4.970880000000000000e+06
2.469760000000000000e+05 4.975880000000000000e+06
2.469760000000000000e+05 4.980880000000000000e+06
2.469760000000000000e+05 4.985880000000000000e+06
2.469760000000000000e+05 4.990880000000000000e+06
2.469760000000000000e+05 4.995880000000000000e+06
2.469760000000000000e+05 5.000880000000000000e+06
2.519760000000000000e+05 4.800880000000000000e+06
2.519760000000000000e+05 4.805880000000000000e+06
2.519760000000000000e+05 4.810880000000000000e+06
2.519760000000000000e+05 4.815880000000000000e+06
2.519760000000000000e+05 4.820880000000000000e+06
2.519760000000000000e+05 4.825880000000000000e+06
2.519760000000000000e+05 4.830880000000000000e+06
2.519760000000000000e+05 4.835880000000000000e+06
2.519760000000000000e+05 4.840880000000000000e+06
2.519760000000000000e+05 4.845880000000000000e+06
2.519760000000000000e+05 4.850880000000000000e+06
2.519760000000000000e+05 4.855880000000000000e+06
2.519760000000000000e+05 4.860880000000000000e+06
2.519760000000000000e+05 4.865880000000000000e+06
2.519760000000000000e+05 4.870880000000000000e+06
2.519760000000000000e+05 4.875880000000000000e+06
2.519760000000000000e+05 4.880880000000000000e+06
2.519760000000000000e+05 4.885880000000000000e+06
2.519760000000000000e+05 4.890880000000000000e+06
2.519760000000000000e+05 4.895880000000000000e+06
2.519760000000000000e+05 4.900880000000000000e+06
2.519760000000000000e+05 4.905880000000000000e+06
2.519760000000000000e+05 4.910880000000000000e+06
2.519760000000000000e+05 4.915880000000000000e+06
2.519760000000000000e+05 4.920880000000000000e+06
2.519760000000000000e+05 4.925880000000000000e+06
2.519760000000000000e+05 4.930880000000000000e+06
2.519760000000000000e+05 4.935880000000000000e+06
2.519760000000000000e+05 4.940880000000000000e+06
2.519760000000000000e+05 4.945880000000000000e+06
2.519760000000000000e+05 4.950880000000000000e+06
2.519760000000000000e+05 4.955880000000000000e+06
2.519760000000000000e+05 4.960880000000000000e+06
2.519760000000000000e+05 4.965880000000000000e+06
2.519760000000000000e+05 4.970880000000000000e+06
2.519760000000000000e+05 4.975880000000000000e+06
2.519760000000000000e+05 4.980880000000000000e+06
2.519760000000000000e+05 4.985880000000000000e+06
2.519760000000000000e+05 4.990880000000000000e+06
2.519760000000000000e+05 4.995880000000000000e+06
2.519760000000000000e+05 5.000880000000000000e+06
2.569760000000000000e+05 4.800880000000000000e+06
2.569760000000000000e+05 4.805880000000000000e+06
2.569760000000000000e+05 4.810880000000000000e+06
2.569760000000000000e+05 4.815880000000000000e+06
2.569760000000000000e+05 4.820880000000000000e+06
2.569760000000000000e+05 4.825880000000000000e+06
2.569760000000000000e+05 4.830880000000000000e+06
2.569760000000000000e+05 4.835880000000000000e+06
2.569760000000000000e+05 4.840880000000000000e+06
2.569760000000000000e+05 4.845880000000000000e+06
2.569760000000000000e+05 4.850880000000000000e+06
2.569760000000000000e+05 4.855880000000000000e+06
2.569760000000000000e+05 4.860880000000000000e+06
2.569760000000000000e+05 4.865880000000000000e+06
2.569760000000000000e+05 4.870880000000000000e+06
2.569760000000000000e+05 4.875880000000000000e+06
2.569760000000000000e+05 4.880880000000000000e+06
2.569760000000000000e+05 4.885880000000000000e+06
2.569760000000000000e+05 4.890880000000000000e+06
2.569760000000000000e+05 4.895880000000000000e+06
2.569760000000000000e+05 4.900880000000000000e+06
2.569760000000000000e+05 4.905880000000000000e+06
2.569760000000000000e+05 4.910880000000000000e+06
2.569760000000000000e+05 4.915880000000000000e+06
2.569760000000000000e+05 4.920880000000000000e+06
2.569760000000000000e+05 4.925880000000000000e+06
2.569760000000000000e+05 4.930880000000000000e+06
2.569760000000000000e+05 4.935880000000000000e+06
2.569760000000000000e+05 4.940880000000000000e+06
2.569760000000000000e+05 4.945880000000000000e+06
2.569760000000000000e+05 4.950880000000000000e+06
2.569760000000000000e+05 4.955880000000000000e+06
2.569760000000000000e+05 4.960880000000000000e+06
2.569760000000000000e+05 4.965880000000000000e+06
2.569760000000000000e+05 4.970880000000000000e+06
2.569760000000000000e+05 4.975880000000000000e+06
2.569760000000000000e+05 4.980880000000000000e+06
2.569760000000000000e+05 4.985880000000000000e+06
2.569760000000000000e+05 4.990880000000000000e+06
2.569760000000000000e+05 4.995880000000000000e+06
2.569760000000000000e+05 5.000880000000000000e+06
2.619760000000000000e+05 4.800880000000000000e+06
2.619760000000000000e+05 4.805880000000000000e+06
2.619760000000000000e+05 4.810880000000000000e+06
2.619760000000000000e+05 4.815880000000000000e+06
2.619760000000000000e+05 4.820880000000000000e+06
2.619760000000000000e+05 4.825880000000000000e+06
2.619760000000000000e+05 4.830880000000000000e+06
2.619760000000000000e+05 4.835880000000000000e+06
2.619760000000000000e+05 4.840880000000000000e+06
2.619760000000000000e+05 4.845880000000000000e+06
2.619760000000000000e+05 4.850880000000000000e+06
2.619760000000000000e+05 4.855880000000000000e+06
2.619760000000000000e+05 4.860880000000000000e+06
2.619760000000000000e+05 4.865880000000000000e+06
2.619760000000000000e+05 4.870880000000000000e+06
2.619760000000000000e+05 4.875880000000000000e+06
2.619760000000000000e+05 4.880880000000000000e+06
2.619760000000000000e+05 4.885880000000000000e+06
2.619760000000000000e+05 4.890880000000000000e+06
2.619760000000000000e+05 4.895880000000000000e+06
2.619760000000000000e+05 4.900880000000000000e+06
2.619760000000000000e+05 4.905880000000000000e+06
2.619760000000000000e+05 4.910880000000000000e+06
2.619760000000000000e+05 4.915880000000000000e+06
2.619760000000000000e+05 4.920880000000000000e+06
2.619760000000000000e+05 4.925880000000000000e+06
2.619760000000000000e+05 4.930880000000000000e+06
2.619760000000000000e+05 4.935880000000000000e+06
2.619760000000000000e+05 4.940880000000000000e+06
2.619760000000000000e+05 4.945880000000000000e+06
2.619760000000000000e+05 4.950880000000000000e+06
2.619760000000000000e+05 4.955880000000000000e+06
2.619760000000000000e+05 4.960880000000000000e+06
2.619760000000000000e+05 4.965880000000000000e+06
2.619760000000000000e+05 4.970880000000000000e+06
2.619760000000000000e+05 4.975880000000000000e+06
2.619760000000000000e+05 4.980880000000000000e+06
2.619760000000000000e+05 4.985880000000000000e+06
2.619760000000000000e+05 4.990880000000000000e+06
2.619760000000000000e+05 4.995880000000000000e+06
2.619760000000000000e+05 5.000880000000000000e+06
2.669760000000000000e+05 4.800880000000000000e+06
2.669760000000000000e+05 4.805880000000000000e+06
2.669760000000000000e+05 4.810880000000000000e+06
2.669760000000000000e+05 4.815880000000000000e+06
2.669760000000000000e+05 4.820880000000000000e+06
2.669760000000000000e+05 4.825880000000000000e+06
2.669760000000000000e+05 4.830880000000000000e+06
2.669760000000000000e+05 4.835880000000000000e+06
2.669760000000000000e+05 4.840880000000000000e+06
2.669760000000000000e+05 4.845880000000000000e+06
2.669760000000000000e+05 4.850880000000000000e+06
2.669760000000000000e+05 4.855880000000000000e+06
2.669760000000000000e+05 4.860880000000000000e+06
2.669760000000000000e+05 4.865880000000000000e+06
2.669760000000000000e+05 4.870880000000000000e+06
2.669760000000000000e+05 4.875880000000000000e+06
2.669760000000000000e+05 4.880880000000000000e+06
2.669760000000000000e+05 4.885880000000000000e+06
2.669760000000000000e+05 4.890880000000000000e+06
2.669760000000000000e+05 4.895880000000000000e+06
2.669760000000000000e+05 4.900880000000000000e+06
2.669760000000000000e+05 4.905880000000000000e+06
2.669760000000000000e+05 4.910880000000000000e+06
2.669760000000000000e+05 4.915880000000000000e+06
2.669760000000000000e+05 4.920880000000000000e+06
2.669760000000000000e+05 4.925880000000000000e+06
2.669760000000000000e+05 4.930880000000000000e+06
2.669760000000000000e+05 4.935880000000000000e+06
2.669760000000000000e+05 4.940880000000000000e+06
2.669760000000000000e+05 4.945880000000000000e+06
2.669760000000000000e+05 4.950880000000000000e+06
2.669760000000000000e+05 4.955880000000000000e+06
2.669760000000000000e+05 4.960880000000000000e+06
2.669760000000000000e+05 4.965880000000000000e+06
2.669760000000000000e+05 4.970880000000000000e+06
2.669760000000000000e+05 4.975880000000000000e+06
2.669760000000000000e+05 4.980880000000000000e+06
2.669760000000000000e+05 4.985880000000000000e+06
2.669760000000000000e+05 4.990880000000000000e+06
2.669760000000000000e+05 4.995880000000000000e+06
2.669760000000000000e+05 5.000880000000000000e+06
2.719760000000000000e+05 4.800880000000000000e+06
2.719760000000000000e+05 4.805880000000000000e+06
2.719760000000000000e+05 4.810880000000000000e+06
2.719760000000000000e+05 4.815880000000000000e+06
2.719760000000000000e+05 4.820880000000000000e+06
2.719760000000000000e+05 4.825880000000000000e+06
2.719760000000000000e+05 4.830880000000000000e+06
2.719760000000000000e+05 4.835880000000000000e+06
2.719760000000000000e+05 4.840880000000000000e+06
2.719760000000000000e+05 4.845880000000000000e+06
2.719760000000000000e+05 4.850880000000000000e+06
2.719760000000000000e+05 4.855880000000000000e+06
2.719760000000000000e+05 4.860880000000000000e+06
2.719760000000000000e+05 4.865880000000000000e+06
2.719760000000000000e+05 4.870880000000000000e+06
2.719760000000000000e+05 4.875880000000000000e+06
2.719760000000000000e+05 4.880880000000000000e+06
2.719760000000000000e+05 4.885880000000000000e+06
2.719760000000000000e+05 4.890880000000000000e+06
2.719760000000000000e+05 4.895880000000000000e+06
2.719760000000000000e+05 4.900880000000000000e+06
2.719760000000000000e+05 4.905880000000000000e+06
2.719760000000000000e+05 4.910880000000000000e+06
2.719760000000000000e+05 4.915880000000000000e+06
2.719760000000000000e+05 4.920880000000000000e+06
2.719760000000000000e+05 4.925880000000000000e+06
2.719760000000000000e+05 4.930880000000000000e+06
2.719760000000000000e+05 4.935880000000000000e+06
2.719760000000000000e+05 4.940880000000000000e+06
2.719760000000000000e+05 4.945880000000000000e+06
2.719760000000000000e+05 4.950880000000000000e+06
2.719760000000000000e+05 4.955880000000000000e+06
2.719760000000000000e+05 4.960880000000000000e+06
2.719760000000000000e+05 4.965880000000000000e+06
2.719760000000000000e+05 4.970880000000000000e+06
2.719760000000000000e+05 4.975880000000000000e+06
2.719760000000000000e+05 4.980880000000000000e+06
2.719760000000000000e+05 4.985880000000000000e+06
2.719760000000000000e+05 4.990880000000000000e+06
2.719760000000000000e+05 4.995880000000000000e+06
2.719760000000000000e+05 5.000880000000000000e+06
2.769760000000000000e+05 4.800880000000000000e+06
2.769760000000000000e+05 4.805880000000000000e+06
2.769760000000000000e+05 4.810880000000000000e+06
2.769760000000000000e+05 4.815880000000000000e+06
2.769760000000000000e+05 4.820880000000000000e+06
2.769760000000000000e+05 4.825880000000000000e+06
2.769760000000000000e+05 4.830880000000000000e+06
2.769760000000000000e+05 4.835880000000000000e+06
2.769760000000000000e+05 4.840880000000000000e+06
2.769760000000000000e+05 4.845880000000000000e+06
2.769760000000000000e+05 4.850880000000000000e+06
2.769760000000000000e+05 4.855880000000000000e+06
2.769760000000000000e+05 4.860880000000000000e+06
2.769760000000000000e+05 4.865880000000000000e+06
2.769760000000000000e+05 4.870880000000000000e+06
2.769760000000000000e+05 4.875880000000000000e+06
2.769760000000000000e+05 4.880880000000000000e+06
2.769760000000000000e+05 4.885880000000000000e+06
2.769760000000000000e+05 4.890880000000000000e+06
2.769760000000000000e+05 4.895880000000000000e+06
2.769760000000000000e+05 4.900880000000000000e+06
2.769760000000000000e+05 4.905880000000000000e+06
2.769760000000000000e+05 4.910880000000000000e+06
2.769760000000000000e+05 4.915880000000000000e+06
2.769760000000000000e+05 4.920880000000000000e+06
2.769760000000000000e+05 4.925880000000000000e+06
2.769760000000000000e+05 4.930880000000000000e+06
2.769760000000000000e+05 4.935880000000000000e+06
2.769760000000000000e+05 4.940880000000000000e+06
2.769760000000000000e+05 4.945880000000000000e+06
2.769760000000000000e+05 4.950880000000000000e+06
2.769760000000000000e+05 4.955880000000000000e+06
2.769760000000000000e+05 4.960880000000000000e+06
2.769760000000000000e+05 4.965880000000000000e+06
2.769760000000000000e+05 4.970880000000000000e+06
2.769760000000000000e+05 4.975880000000000000e+06
2.769760000000000000e+05 4.980880000000000000e+06
2.769760000000000000e+05 4.985880000000000000e+06
2.769760000000000000e+05 4.990880000000000000e+06
2.769760000000000000e+05 4.995880000000000000e+06
2.769760000000000000e+05 5.000880000000000000e+06
2.819760000000000000e+05 4.800880000000000000e+06
2.819760000000000000e+05 4.805880000000000000e+06
2.819760000000000000e+05 4.810880000000000000e+06
2.819760000000000000e+05 4.815880000000000000e+06
2.819760000000000000e+05 4.820880000000000000e+06
2.819760000000000000e+05 4.825880000000000000e+06
2.819760000000000000e+05 4.830880000000000000e+06
2.819760000000000000e+05 4.835880000000000000e+06
2.819760000000000000e+05 4.840880000000000000e+06
2.819760000000000000e+05 4.845880000000000000e+06
2.819760000000000000e+05 4.850880000000000000e+06
2.819760000000000000e+05 4.855880000000000000e+06
2.819760000000000000e+05 4.860880000000000000e+06
2.819760000000000000e+05 4.865880000000000000e+06
2.819760000000000000e+05 4.870880000000000000e+06
2.819760000000000000e+05 4.875880000000000000e+06
2.819760000000000000e+05 4.880880000000000000e+06
2.819760000000000000e+05 4.885880000000000000e+06
2.819760000000000000e+05 4.890880000000000000e+06
2.819760000000000000e+05 4.895880000000000000e+06
2.819760000000000000e+05 4.900880000000000000e+06
2.819760000000000000e+05 4.905880000000000000e+06
2.819760000000000000e+05 4.910880000000000000e+06
2.819760000000000000e+05 4.915880000000000000e+06
2.819760000000000000e+05 4.920880000000000000e+06
2.819760000000000000e+05 4.925880000000000000e+06
2.819760000000000000e+05 4.930880000000000000e+06
2.819760000000000000e+05 4.935880000000000000e+06
2.819760000000000000e+05 4.940880000000000000e+06
2.819760000000000000e+05 4.945880000000000000e+06
2.819760000000000000e+05 4.950880000000000000e+06
2.819760000000000000e+05 4.955880000000000000e+06
2.819760000000000000e+05 4.960880000000000000e+06
2.819760000000000000e+05 4.965880000000000000e+06
2.819760000000000000e+05 4.970880000000000000e+06
2.819760000000000000e+05 4.975880000000000000e+06
2.819760000000000000e+05 4.980880000000000000e+06
2.819760000000000000e+05 4.985880000000000000e+06
2.819760000000000000e+05 4.990880000000000000e+06
2.819760000000000000e+05 4.995880000000000000e+06
2.819760000000000000e+05 5.000880000000000000e+06
2.869760000000000000e+05 4.800880000000000000e+06
2.869760000000000000e+05 4.805880000000000000e+06
2.869760000000000000e+05 4.810880000000000000e+06
2.869760000000000000e+05 4.815880000000000000e+06
2.869760000000000000e+05 4.820880000000000000e+06
2.869760000000000000e+05 4.825880000000000000e+06
2.869760000000000000e+05 4.830880000000000000e+06
2.869760000000000000e+05 4.835880000000000000e+06
2.869760000000000000e+05 4.840880000000000000e+06
2.869760000000000000e+05 4.845880000000000000e+06
2.869760000000000000e+05 4.850880000000000000e+06
2.869760000000000000e+05 4.855880000000000000e+06
2.869760000000000000e+05 4.860880000000000000e+06
2.869760000000000000e+05 4.865880000000000000e+06
2.869760000000000000e+05 4.870880000000000000e+06
2.869760000000000000e+05 4.875880000000000000e+06
2.869760000000000000e+05 4.880880000000000000e+06
2.869760000000000000e+05 4.885880000000000000e+06
2.869760000000000000e+05 4.890880000000000000e+06
2.869760000000000000e+05 4.895880000000000000e+06
2.869760000000000000e+05 4.900880000000000000e+06
2.869760000000000000e+05 4.905880000000000000e+06
2.869760000000000000e+05 4.910880000000000000e+06
2.869760000000000000e+05 4.915880000000000000e+06
2.869760000000000000e+05 4.920880000000000000e+06
2.869760000000000000e+05 4.925880000000000000e+06
2.869760000000000000e+05 4.930880000000000000e+06
2.869760000000000000e+05 4.935880000000000000e+06
2.869760000000000000e+05 4.940880000000000000e+06
2.869760000000000000e+05 4.945880000000000000e+06
2.869760000000000000e+05 4.950880000000000000e+06
2.869760000000000000e+05 4.955880000000000000e+06
2.869760000000000000e+05 4.960880000000000000e+06
2.869760000000000000e+05 4.965880000000000000e+06
2.869760000000000000e+05 4.970880000000000000e+06
2.869760000000000000e+05 4.975880000000000000e+06
2.869760000000000000e+05 4.980880000000000000e+06
2.869760000000000000e+05 4.985880000000000000e+06
2.869760000000000000e+05 4.990880000000000000e+06
2.869760000000000000e+05 4.995880000000000000e+06
2.869760000000000000e+05 5.000880000000000000e+06
2.919760000000000000e+05 4.800880000000000000e+06
2.919760000000000000e+05 4.805880000000000000e+06
2.919760000000000000e+05 4.810880000000000000e+06
2.919760000000000000e+05 4.815880000000000000e+06
2.919760000000000000e+05 4.820880000000000000e+06
2.919760000000000000e+05 4.825880000000000000e+06
2.919760000000000000e+05 4.830880000000000000e+06
2.919760000000000000e+05 4.835880000000000000e+06
2.919760000000000000e+05 4.840880000000000000e+06
2.919760000000000000e+05 4.845880000000000000e+06
2.919760000000000000e+05 4.850880000000000000e+06
2.919760000000000000e+05 4.855880000000000000e+06
2.919760000000000000e+05 4.860880000000000000e+06
2.919760000000000000e+05 4.865880000000000000e+06
2.919760000000000000e+05 4.870880000000000000e+06
2.919760000000000000e+05 4.875880000000000000e+06
2.919760000000000000e+05 4.880880000000000000e+06
2.919760000000000000e+05 4.885880000000000000e+06
2.919760000000000000e+05 4.890880000000000000e+06
2.919760000000000000e+05 4.895880000000000000e+06
2.919760000000000000e+05 4.900880000000000000e+06
2.919760000000000000e+05 4.905880000000000000e+06
2.919760000000000000e+05 4.910880000000000000e+06
2.919760000000000000e+05 4.915880000000000000e+06
2.919760000000000000e+05 4.920880000000000000e+06
2.919760000000000000e+05 4.925880000000000000e+06
2.919760000000000000e+05 4.930880000000000000e+06
2.919760000000000000e+05 4.935880000000000000e+06
2.919760000000000000e+05 4.940880000000000000e+06
2.919760000000000000e+05 4.945880000000000000e+06
2.919760000000000000e+05 4.950880000000000000e+06
2.919760000000000000e+05 4.955880000000000000e+06
2.919760000000000000e+05 4.960880000000000000e+06
2.919760000000000000e+05 4.965880000000000000e+06
2.919760000000000000e+05 4.970880000000000000e+06
2.919760000000000000e+05 4.975880000000000000e+06
2.919760000000000000e+05 4.980880000000000000e+06
2.919760000000000000e+05 4.985880000000000000e+06
2.919760000000000000e+05 4.990880000000000000e+06
2.919760000000000000e+05 4.995880000000000000e+06
2.919760000000000000e+05 5.000880000000000000e+06
2.969760000000000000e+05 4.800880000000000000e+06
2.969760000000000000e+05 4.805880000000000000e+06
2.969760000000000000e+05 4.810880000000000000e+06
2.969760000000000000e+05 4.815880000000000000e+06
2.969760000000000000e+05 4.820880000000000000e+06
2.969760000000000000e+05 4.825880000000000000e+06
2.969760000000000000e+05 4.830880000000000000e+06
2.969760000000000000e+05 4.835880000000000000e+06
2.969760000000000000e+05 4.840880000000000000e+06
2.969760000000000000e+05 4.845880000000000000e+06
2.969760000000000000e+05 4.850880000000000000e+06
2.969760000000000000e+05 4.855880000000000000e+06
2.969760000000000000e+05 4.860880000000000000e+06
2.969760000000000000e+05 4.865880000000000000e+06
2.969760000000000000e+05 4.870880000000000000e+06
2.969760000000000000e+05 4.875880000000000000e+06
2.969760000000000000e+05 4.880880000000000000e+06
2.969760000000000000e+05 4.885880000000000000e+06
2.969760000000000000e+05 4.890880000000000000e+06
2.969760000000000000e+05 4.895880000000000000e+06
2.969760000000000000e+05 4.900880000000000000e+06
2.969760000000000000e+05 4.905880000000000000e+06
2.969760000000000000e+05 4.910880000000000000e+06
2.969760000000000000e+05 4.915880000000000000e+06
2.969760000000000000e+05 4.920880000000000000e+06
2.969760000000000000e+05 4.925880000000000000e+06
2.969760000000000000e+05 4.930880000000000000e+06
2.969760000000000000e+05 4.935880000000000000e+06
2.969760000000000000e+05 4.940880000000000000e+06
2.969760000000000000e+05 4.945880000000000000e+06
2.969760000000000000e+05 4.950880000000000000e+06
2.969760000000000000e+05 4.955880000000000000e+06
2.969760000000000000e+05 4.960880000000000000e+06
2.969760000000000000e+05 4.965880000000000000e+06
2.969760000000000000e+05 4.970880000000000000e+06
2.969760000000000000e+05 4.975880000000000000e+06
2.969760000000000000e+05 4.980880000000000000e+06
2.969760000000000000e+05 4.985880000000000000e+06
2.969760000000000000e+05 4.990880000000000000e+06
2.969760000000000000e+05 4.995880000000000000e+06
2.969760000000000000e+05 5.000880000000000000e+06
3.019760000000000000e+05 4.800880000000000000e+06
3.019760000000000000e+05 4.805880000000000000e+06
3.019760000000000000e+05 4.810880000000000000e+06
3.019760000000000000e+05 4.815880000000000000e+06
3.019760000000000000e+05 4.820880000000000000e+06
3.019760000000000000e+05 4.825880000000000000e+06
3.019760000000000000e+05 4.830880000000000000e+06
3.019760000000000000e+05 4.835880000000000000e+06
3.019760000000000000e+05 4.840880000000000000e+06
3.019760000000000000e+05 4.845880000000000000e+06
3.019760000000000000e+05 4.850880000000000000e+06
3.019760000000000000e+05 4.855880000000000000e+06
3.019760000000000000e+05 4.860880000000000000e+06
3.019760000000000000e+05 4.865880000000000000e+06
3.019760000000000000e+05 4.870880000000000000e+06
3.019760000000000000e+05 4.875880000000000000e+06
3.019760000000000000e+05 4.880880000000000000e+06
3.019760000000000000e+05 4.885880000000000000e+06
3.019760000000000000e+05 4.890880000000000000e+06
3.019760000000000000e+05 4.895880000000000000e+06
3.019760000000000000e+05 4.900880000000000000e+06
3.019760000000000000e+05 4.905880000000000000e+06
3.019760000000000000e+05 4.910880000000000000e+06
3.019760000000000000e+05 4.915880000000000000e+06
3.019760000000000000e+05 4.920880000000000000e+06
3.019760000000000000e+05 4.925880000000000000e+06
3.019760000000000000e+05 4.930880000000000000e+06
3.019760000000000000e+05 4.935880000000000000e+06
3.019760000000000000e+05 4.940880000000000000e+06
3.019760000000000000e+05 4.945880000000000000e+06
3.019760000000000000e+05 4.950880000000000000e+06
3.019760000000000000e+05 4.955880000000000000e+06
3.019760000000000000e+05 4.960880000000000000e+06
3.019760000000000000e+05 4.965880000000000000e+06
3.019760000000000000e+05 4.970880000000000000e+06
3.019760000000000000e+05 4.975880000000000000e+06
3.019760000000000000e+05 4.980880000000000000e+06
3.019760000000000000e+05 4.985880000000000000e+06
3.019760000000000000e+05 4.990880000000000000e+06
3.019760000000000000e+05 4.995880000000000000e+06
3.019760000000000000e+05 5.000880000000000000e+06
3.069760000000000000e+05 4.800880000000000000e+06
3.069760000000000000e+05 4.805880000000000000e+06
3.069760000000000000e+05 4.810880000000000000e+06
3.069760000000000000e+05 4.815880000000000000e+06
3.069760000000000000e+05 4.820880000000000000e+06
3.069760000000000000e+05 4.825880000000000000e+06
3.069760000000000000e+05 4.830880000000000000e+06
3.069760000000000000e+05 4.835880000000000000e+06
3.069760000000000000e+05 4.840880000000000000e+06
3.069760000000000000e+05 4.845880000000000000e+06
3.069760000000000000e+05 4.850880000000000000e+06
3.069760000000000000e+05 4.855880000000000000e+06
3.069760000000000000e+05 4.860880000000000000e+06
3.069760000000000000e+05 4.865880000000000000e+06
3.069760000000000000e+05 4.870880000000000000e+06
3.069760000000000000e+05 4.875880000000000000e+06
3.069760000000000000e+05 4.880880000000000000e+06
3.069760000000000000e+05 4.885880000000000000e+06
3.069760000000000000e+05 4.890880000000000000e+06
3.069760000000000000e+05 4.895880000000000000e+06
3.069760000000000000e+05 4.900880000000000000e+06
3.069760000000000000e+05 4.905880000000000000e+06
3.069760000000000000e+05 4.910880000000000000e+06
3.069760000000000000e+05 4.915880000000000000e+06
3.069760000000000000e+05 4.920880000000000000e+06
3.069760000000000000e+05 4.925880000000000000e+06
3.069760000000000000e+05 4.930880000000000000e+06
3.069760000000000000e+05 4.935880000000000000e+06
3.069760000000000000e+05 4.940880000000000000e+06
3.069760000000000000e+05 4.945880000000000000e+06
3.069760000000000000e+05 4.950880000000000000e+06
3.069760000000000000e+05 4.955880000000000000e+06
3.069760000000000000e+05 4.960880000000000000e+06
3.069760000000000000e+05 4.965880000000000000e+06
3.069760000000000000e+05 4.970880000000000000e+06
3.069760000000000000e+05 4.975880000000000000e+06
3.069760000000000000e+05 4.980880000000000000e+06
3.069760000000000000e+05 4.985880000000000000e+06
3.069760000000000000e+05 4.990880000000000000e+06
3.069760000000000000e+05 4.995880000000000000e+06
3.069760000000000000e+05 5.000880000000000000e+06
3.119760000000000000e+05 4.800880000000000000e+06
3.119760000000000000e+05 4.805880000000000000e+06
3.119760000000000000e+05 4.810880000000000000e+06
3.119760000000000000e+05 4.815880000000000000e+06
3.119760000000000000e+05 4.820880000000000000e+06
3.119760000000000000e+05 4.825880000000000000e+06
3.119760000000000000e+05 4.830880000000000000e+06
3.119760000000000000e+05 4.835880000000000000e+06
3.119760000000000000e+05 4.840880000000000000e+06
3.119760000000000000e+05 4.845880000000000000e+06
3.119760000000000000e+05 4.850880000000000000e+06
3.119760000000000000e+05 4.855880000000000000e+06
3.119760000000000000e+05 4.860880000000000000e+06
3.119760000000000000e+05 4.865880000000000000e+06
3.119760000000000000e+05 4.870880000000000000e+06
3.119760000000000000e+05 4.875880000000000000e+06
3.119760000000000000e+05 4.880880000000000000e+06
3.119760000000000000e+05 4.885880000000000000e+06
3.119760000000000000e+05 4.890880000000000000e+06
3.119760000000000000e+05 4.895880000000000000e+06
3.119760000000000000e+05 4.900880000000000000e+06
3.119760000000000000e+05 4.905880000000000000e+06
3.119760000000000000e+05 4.910880000000000000e+06
3.119760000000000000e+05 4.915880000000000000e+06
3.119760000000000000e+05 4.920880000000000000e+06
3.119760000000000000e+05 4.925880000000000000e+06
3.119760000000000000e+05 4.930880000000000000e+06
3.119760000000000000e+05 4.935880000000000000e+06
3.119760000000000000e+05 4.940880000000000000e+06
3.119760000000000000e+05 4.945880000000000000e+06
3.119760000000000000e+05 4.950880000000000000e+06
3.119760000000000000e+05 4.955880000000000000e+06
3.119760000000000000e+05 4.960880000000000000e+06
3.119760000000000000e+05 4.965880000000000000e+06
3.119760000000000000e+05 4.970880000000000000e+06
3.119760000000000000e+05 4.975880000000000000e+06
3.119760000000000000e+05 4.980880000000000000e+06
3.119760000000000000e+05 4.985880000000000000e+06
3.119760000000000000e+05 4.990880000000000000e+06
3.119760000000000000e+05 4.995880000000000000e+06
3.119760000000000000e+05 5.000880000000000000e+06
3.169760000000000000e+05 4.800880000000000000e+06
3.169760000000000000e+05 4.805880000000000000e+06
3.169760000000000000e+05 4.810880000000000000e+06
3.169760000000000000e+05 4.815880000000000000e+06
3.169760000000000000e+05 4.820880000000000000e+06
3.169760000000000000e+05 4.825880000000000000e+06
3.169760000000000000e+05 4.830880000000000000e+06
3.169760000000000000e+05 4.835880000000000000e+06
3.169760000000000000e+05 4.840880000000000000e+06
3.169760000000000000e+05 4.845880000000000000e+06
3.169760000000000000e+05 4.850880000000000000e+06
3.169760000000000000e+05 4.855880000000000000e+06
3.169760000000000000e+05 4.860880000000000000e+06
3.169760000000000000e+05 4.865880000000000000e+06
3.169760000000000000e+05 4.870880000000000000e+06
3.169760000000000000e+05 4.875880000000000000e+06
3.169760000000000000e+05 4.880880000000000000e+06
3.169760000000000000e+05 4.885880000000000000e+06
3.169760000000000000e+05 4.890880000000000000e+06
3.169760000000000000e+05 4.895880000000000000e+06
3.169760000000000000e+05 4.900880000000000000e+06
3.169760000000000000e+05 4.905880000000000000e+06
3.169760000000000000e+05 4.910880000000000000e+06
3.169760000000000000e+05 4.915880000000000000e+06
3.169760000000000000e+05 4.920880000000000000e+06
3.169760000000000000e+05 4.925880000000000000e+06
3.169760000000000000e+05 4.930880000000000000e+06
3.169760000000000000e+05 4.935880000000000000e+06
3.169760000000000000e+05 4.940880000000000000e+06
3.169760000000000000e+05 4.945880000000000000e+06
3.169760000000000000e+05 4.950880000000000000e+06
3.169760000000000000e+05 4.955880000000000000e+06
3.169760000000000000e+05 4.960880000000000000e+06
3.169760000000000000e+05 4.965880000000000000e+06
3.169760000000000000e+05 4.970880000000000000e+06
3.169760000000000000e+05 4.975880000000000000e+06
3.169760000000000000e+05 4.980880000000000000e+06
3.169760000000000000e+05 4.985880000000000000e+06
3.169760000000000000e+05 4.990880000000000000e+06
3.169760000000000000e+05 4.995880000000000000e+06
3.169760000000000000e+05 5.000880000000000000e+06
3.219760000000000000e+05 4.800880000000000000e+06
3.219760000000000000e+05 4.805880000000000000e+06
3.219760000000000000e+05 4.810880000000000000e+06
3.219760000000000000e+05 4.815880000000000000e+06
3.219760000000000000e+05 4.820880000000000000e+06
3.219760000000000000e+05 4.825880000000000000e+06
3.219760000000000000e+05 4.830880000000000000e+06
3.219760000000000000e+05 4.835880000000000000e+06
3.219760000000000000e+05 4.840880000000000000e+06
3.219760000000000000e+05 4.845880000000000000e+06
3.219760000000000000e+05 4.850880000000000000e+06
3.219760000000000000e+05 4.855880000000000000e+06
3.219760000000000000e+05 4.860880000000000000e+06
3.219760000000000000e+05 4.865880000000000000e+06
3.219760000000000000e+05 4.870880000000000000e+06
3.219760000000000000e+05 4.875880000000000000e+06
3.219760000000000000e+05 4.880880000000000000e+06
3.219760000000000000e+05 4.885880000000000000e+06
3.219760000000000000e+05 4.890880000000000000e+06
3.219760000000000000e+05 4.895880000000000000e+06
3.219760000000000000e+05 4.900880000000000000e+06
3.219760000000000000e+05 4.905880000000000000e+06
3.219760000000000000e+05 4.910880000000000000e+06
3.219760000000000000e+05 4.915880000000000000e+06
3.219760000000000000e+05 4.920880000000000000e+06
3.219760000000000000e+05 4.925880000000000000e+06
3.219760000000000000e+05 4.930880000000000000e+06
3.219760000000000000e+05 4.935880000000000000e+06
3.219760000000000000e+05 4.940880000000000000e+06
3.219760000000000000e+05 4.945880000000000000e+06
3.219760000000000000e+05 4.950880000000000000e+06
3.219760000000000000e+05 4.955880000000000000e+06
3.219760000000000000e+05 4.960880000000000000e+06
3.219760000000000000e+05 4.965880000000000000e+06
3.219760000000000000e+05 4.970880000000000000e+06
3.219760000000000000e+05 4.975880000000000000e+06
3.219760000000000000e+05 4.980880000000000000e+06
3.219760000000000000e+05 4.985880000000000000e+06
3.219760000000000000e+05 4.990880000000000000e+06
3.219760000000000000e+05 4.995880000000000000e+06
3.219760000000000000e+05 5.000880000000000000e+06
3.269760000000000000e+05 4.800880000000000000e+06
3.269760000000000000e+05 4.805880000000000000e+06
3.269760000000000000e+05 4.810880000000000000e+06
3.269760000000000000e+05 4.815880000000000000e+06
3.269760000000000000e+05 4.820880000000000000e+06
3.269760000000000000e+05 4.825880000000000000e+06
3.269760000000000000e+05 4.830880000000000000e+06
3.269760000000000000e+05 4.835880000000000000e+06
3.269760000000000000e+05 4.840880000000000000e+06
3.269760000000000000e+05 4.845880000000000000e+06
3.269760000000000000e+05 4.850880000000000000e+06
3.269760000000000000e+05 4.855880000000000000e+06
3.269760000000000000e+05 4.860880000000000000e+06
3.269760000000000000e+05 4.865880000000000000e+06
3.269760000000000000e+05 4.870880000000000000e+06
3.269760000000000000e+05 4.875880000000000000e+06
3.269760000000000000e+05 4.880880000000000000e+06
3.269760000000000000e+05 4.885880000000000000e+06
3.269760000000000000e+05 4.890880000000000000e+06
3.269760000000000000e+05 4.895880000000000000e+06
3.269760000000000000e+05 4.900880000000000000e+06
3.269760000000000000e+05 4.905880000000000000e+06
3.269760000000000000e+05 4.910880000000000000e+06
3.269760000000000000e+05 4.915880000000000000e+06
3.269760000000000000e+05 4.920880000000000000e+06
3.269760000000000000e+05 4.925880000000000000e+06
3.269760000000000000e+05 4.930880000000000000e+06
3.269760000000000000e+05 4.935880000000000000e+06
3.269760000000000000e+05 4.940880000000000000e+06
3.269760000000000000e+05 4.945880000000000000e+06
3.269760000000000000e+05 4.950880000000000000e+06
3.269760000000000000e+05 4.955880000000000000e+06
3.269760000000000000e+05 4.960880000000000000e+06
3.269760000000000000e+05 4.965880000000000000e+06
3.269760000000000000e+05 4.970880000000000000e+06
3.269760000000000000e+05 4.975880000000000000e+06
3.269760000000000000e+05 4.980880000000000000e+06
3.269760000000000000e+05 4.985880000000000000e+06
3.269760000000000000e+05 4.990880000000000000e+06
3.269760000000000000e+05 4.995880000000000000e+06
3.269760000000000000e+05 5.000880000000000000e+06
3.319760000000000000e+05 4.800880000000000000e+06
3.319760000000000000e+05 4.805880000000000000e+06
3.319760000000000000e+05 4.810880000000000000e+06
3.319760000000000000e+05 4.815880000000000000e+06
3.319760000000000000e+05 4.820880000000000000e+06
3.319760000000000000e+05 4.825880000000000000e+06
3.319760000000000000e+05 4.830880000000000000e+06
3.319760000000000000e+05 4.835880000000000000e+06
3.319760000000000000e+05 4.840880000000000000e+06
3.319760000000000000e+05 4.845880000000000000e+06
3.319760000000000000e+05 4.850880000000000000e+06
3.319760000000000000e+05 4.855880000000000000e+06
3.319760000000000000e+05 4.860880000000000000e+06
3.319760000000000000e+05 4.865880000000000000e+06
3.319760000000000000e+05 4.870880000000000000e+06
3.319760000000000000e+05 4.875880000000000000e+06
3.319760000000000000e+05 4.880880000000000000e+06
3.319760000000000000e+05 4.885880000000000000e+06
3.319760000000000000e+05 4.890880000000000000e+06
3.319760000000000000e+05 4.895880000000000000e+06
3.319760000000000000e+05 4.900880000000000000e+06
3.319760000000000000e+05 4.905880000000000000e+06
3.319760000000000000e+05 4.910880000000000000e+06
3.319760000000000000e+05 4.915880000000000000e+06
3.319760000000000000e+05 4.920880000000000000e+06
3.319760000000000000e+05 4.925880000000000000e+06
3.319760000000000000e+05 4.930880000000000000e+06
3.319760000000000000e+05 4.935880000000000000e+06
3.319760000000000000e+05 4.940880000000000000e+06
3.319760000000000000e+05 4.945880000000000000e+06
3.319760000000000000e+05 4.950880000000000000e+06
3.319760000000000000e+05 4.955880000000000000e+06
3.319760000000000000e+05 4.960880000000000000e+06
3.319760000000000000e+05 4.965880000000000000e+06
3.319760000000000000e+05 4.970880000000000000e+06
3.319760000000000000e+05 4.975880000000000000e+06
3.319760000000000000e+05 4.980880000000000000e+06
3.319760000000000000e+05 4.985880000000000000e+06
3.319760000000000000e+05 4.990880000000000000e+06
3.319760000000000000e+05 4.995880000000000000e+06
3.319760000000000000e+05 5.000880000000000000e+06
3.369760000000000000e+05 4.800880000000000000e+06
3.369760000000000000e+05 4.805880000000000000e+06
3.369760000000000000e+05 4.810880000000000000e+06
3.369760000000000000e+05 4.815880000000000000e+06
3.369760000000000000e+05 4.820880000000000000e+06
3.369760000000000000e+05 4.825880000000000000e+06
3.369760000000000000e+05 4.830880000000000000e+06
3.369760000000000000e+05 4.835880000000000000e+06
3.369760000000000000e+05 4.840880000000000000e+06
3.369760000000000000e+05 4.845880000000000000e+06
3.369760000000000000e+05 4.850880000000000000e+06
3.369760000000000000e+05 4.855880000000000000e+06
3.369760000000000000e+05 4.860880000000000000e+06
3.369760000000000000e+05 4.865880000000000000e+06
3.369760000000000000e+05 4.870880000000000000e+06
3.369760000000000000e+05 4.875880000000000000e+06
3.369760000000000000e+05 4.880880000000000000e+06
3.369760000000000000e+05 4.885880000000000000e+06
3.369760000000000000e+05 4.890880000000000000e+06
3.369760000000000000e+05 4.895880000000000000e+06
3.369760000000000000e+05 4.900880000000000000e+06
3.369760000000000000e+05 4.905880000000000000e+06
3.369760000000000000e+05 4.910880000000000000e+06
3.369760000000000000e+05 4.915880000000000000e+06
3.369760000000000000e+05 4.920880000000000000e+06
3.369760000000000000e+05 4.925880000000000000e+06
3.369760000000000000e+05 4.930880000000000000e+06
3.369760000000000000e+05 4.935880000000000000e+06
3.369760000000000000e+05 4.940880000000000000e+06
3.369760000000000000e+05 4.945880000000000000e+06
3.369760000000000000e+05 4.950880000000000000e+06
3.369760000000000000e+05 4.955880000000000000e+06
3.369760000000000000e+05 4.960880000000000000e+06
3.369760000000000000e+05 4.965880000000000000e+06
3.369760000000000000e+05 4.970880000000000000e+06
3.369760000000000000e+05 4.975880000000000000e+06
3.369760000000000000e+05 4.980880000000000000e+06
3.369760000000000000e+05 4.985880000000000000e+06
3.369760000000000000e+05 4.990880000000000000e+06
3.369760000000000000e+05 4.995880000000000000e+06
3.369760000000000000e+05 5.000880000000000000e+06
3.419760000000000000e+05 4.800880000000000000e+06
3.419760000000000000e+05 4.805880000000000000e+06
3.419760000000000000e+05 4.810880000000000000e+06
3.419760000000000000e+05 4.815880000000000000e+06
3.419760000000000000e+05 4.820880000000000000e+06
3.419760000000000000e+05 4.825880000000000000e+06
3.419760000000000000e+05 4.830880000000000000e+06
3.419760000000000000e+05 4.835880000000000000e+06
3.419760000000000000e+05 4.840880000000000000e+06
3.419760000000000000e+05 4.845880000000000000e+06
3.419760000000000000e+05 4.850880000000000000e+06
3.419760000000000000e+05 4.855880000000000000e+06
3.419760000000000000e+05 4.860880000000000000e+06
3.419760000000000000e+05 4.865880000000000000e+06
3.419760000000000000e+05 4.870880000000000000e+06
3.419760000000000000e+05 4.875880000000000000e+06
3.419760000000000000e+05 4.880880000000000000e+06
3.419760000000000000e+05 4.885880000000000000e+06
3.419760000000000000e+05 4.890880000000000000e+06
3.419760000000000000e+05 4.895880000000000000e+06
3.419760000000000000e+05 4.900880000000000000e+06
3.419760000000000000e+05 4.905880000000000000e+06
3.419760000000000000e+05 4.910880000000000000e+06
3.419760000000000000e+05 4.915880000000000000e+06
3.419760000000000000e+05 4.920880000000000000e+06
3.419760000000000000e+05 4.925880000000000000e+06
3.419760000000000000e+05 4.930880000000000000e+06
3.419760000000000000e+05 4.935880000000000000e+06
3.419760000000000000e+05 4.940880000000000000e+06
3.419760000000000000e+05 4.945880000000000000e+06
3.419760000000000000e+05 4.950880000000000000e+06
3.419760000000000000e+05 4.955880000000000000e+06
3.419760000000000000e+05 4.960880000000000000e+06
3.419760000000000000e+05 4.965880000000000000e+06
3.419760000000000000e+05 4.970880000000000000e+06
3.419760000000000000e+05 4.975880000000000000e+06
3.419760000000000000e+05 4.980880000000000000e+06
3.419760000000000000e+05 4.985880000000000000e+06
3.419760000000000000e+05 4.990880000000000000e+06
3.419760000000000000e+05 4.995880000000000000e+06
3.419760000000000000e+05 5.000880000000000000e+06
3.469760000000000000e+05 4.800880000000000000e+06
3.469760000000000000e+05 4.805880000000000000e+06
3.469760000000000000e+05 4.810880000000000000e+06
3.469760000000000000e+05 4.815880000000000000e+06
3.469760000000000000e+05 4.820880000000000000e+06
3.469760000000000000e+05 4.825880000000000000e+06
3.469760000000000000e+05 4.830880000000000000e+06
3.469760000000000000e+05 4.835880000000000000e+06
3.469760000000000000e+05 4.840880000000000000e+06
3.469760000000000000e+05 4.845880000000000000e+06
3.469760000000000000e+05 4.850880000000000000e+06
3.469760000000000000e+05 4.855880000000000000e+06
3.469760000000000000e+05 4.860880000000000000e+06
3.469760000000000000e+05 4.865880000000000000e+06
3.469760000000000000e+05 4.870880000000000000e+06
3.469760000000000000e+05 4.875880000000000000e+06
3.469760000000000000e+05 4.880880000000000000e+06
3.469760000000000000e+05 4.885880000000000000e+06
3.469760000000000000e+05 4.890880000000000000e+06
3.469760000000000000e+05 4.895880000000000000e+06
3.469760000000000000e+05 4.900880000000000000e+06
3.469760000000000000e+05 4.905880000000000000e+06
3.469760000000000000e+05 4.910880000000000000e+06
3.469760000000000000e+05 4.915880000000000000e+06
3.469760000000000000e+05 4.920880000000000000e+06
3.469760000000000000e+05 4.925880000000000000e+06
3.469760000000000000e+05 4.930880000000000000e+06
3.469760000000000000e+05 4.935880000000000000e+06
3.469760000000000000e+05 4.940880000000000000e+06
3.469760000000000000e+05 4.945880000000000000e+06
3.469760000000000000e+05 4.950880000000000000e+06
3.469760000000000000e+05 4.955880000000000000e+06
3.469760000000000000e+05 4.960880000000000000e+06
3.469760000000000000e+05 4.965880000000000000e+06
3.469760000000000000e+05 4.970880000000000000e+06
3.469760000000000000e+05 4.975880000000000000e+06
3.469760000000000000e+05 4.980880000000000000e+06
3.469760000000000000e+05 4.985880000000000000e+06
3.469760000000000000e+05 4.990880000000000000e+06
3.469760000000000000e+05 4.995880000000000000e+06
3.469760000000000000e+05 5.000880000000000000e+06
3.519760000000000000e+05 4.800880000000000000e+06
3.519760000000000000e+05 4.805880000000000000e+06
3.519760000000000000e+05 4.810880000000000000e+06
3.519760000000000000e+05 4.815880000000000000e+06
3.519760000000000000e+05 4.820880000000000000e+06
3.519760000000000000e+05 4.825880000000000000e+06
3.519760000000000000e+05 4.830880000000000000e+06
3.519760000000000000e+05 4.835880000000000000e+06
3.519760000000000000e+05 4.840880000000000000e+06
3.519760000000000000e+05 4.845880000000000000e+06
3.519760000000000000e+05 4.850880000000000000e+06
3.519760000000000000e+05 4.855880000000000000e+06
3.519760000000000000e+05 4.860880000000000000e+06
3.519760000000000000e+05 4.865880000000000000e+06
3.519760000000000000e+05 4.870880000000000000e+06
3.519760000000000000e+05 4.875880000000000000e+06
3.519760000000000000e+05 4.880880000000000000e+06
3.519760000000000000e+05 4.885880000000000000e+06
3.519760000000000000e+05 4.890880000000000000e+06
3.519760000000000000e+05 4.895880000000000000e+06
3.519760000000000000e+05 4.900880000000000000e+06
3.519760000000000000e+05 4.905880000000000000e+06
3.519760000000000000e+05 4.910880000000000000e+06
3.519760000000000000e+05 4.915880000000000000e+06
3.519760000000000000e+05 4.920880000000000000e+06
3.519760000000000000e+05 4.925880000000000000e+06
3.519760000000000000e+05 4.930880000000000000e+06
3.519760000000000000e+05 4.935880000000000000e+06
3.519760000000000000e+05 4.940880000000000000e+06
3.519760000000000000e+05 4.945880000000000000e+06
3.519760000000000000e+05 4.950880000000000000e+06
3.519760000000000000e+05 4.955880000000000000e+06
3.519760000000000000e+05 4.960880000000000000e+06
3.519760000000000000e+05 4.965880000000000000e+06
3.519760000000000000e+05 4.970880000000000000e+06
3.519760000000000000e+05 4.975880000000000000e+06
3.519760000000000000e+05 4.980880000000000000e+06
3.519760000000000000e+05 4.985880000000000000e+06
3.519760000000000000e+05 4.990880000000000000e+06
3.519760000000000000e+05 4.995880000000000000e+06
3.519760000000000000e+05 5.000880000000000000e+06
3.569760000000000000e+05 4.800880000000000000e+06
3.569760000000000000e+05 4.805880000000000000e+06
3.569760000000000000e+05 4.810880000000000000e+06
3.569760000000000000e+05 4.815880000000000000e+06
3.569760000000000000e+05 4.820880000000000000e+06
3.569760000000000000e+05 4.825880000000000000e+06
3.569760000000000000e+05 4.830880000000000000e+06
3.569760000000000000e+05 4.835880000000000000e+06
3.569760000000000000e+05 4.840880000000000000e+06
3.569760000000000000e+05 4.845880000000000000e+06
3.569760000000000000e+05 4.850880000000000000e+06
3.569760000000000000e+05 4.855880000000000000e+06
3.569760000000000000e+05 4.860880000000000000e+06
3.569760000000000000e+05 4.865880000000000000e+06
3.569760000000000000e+05 4.870880000000000000e+06
3.569760000000000000e+05 4.875880000000000000e+06
3.569760000000000000e+05 4.880880000000000000e+06
3.569760000000000000e+05 4.885880000000000000e+06
3.569760000000000000e+05 4.890880000000000000e+06
3.569760000000000000e+05 4.895880000000000000e+06
3.569760000000000000e+05 4.900880000000000000e+06
3.569760000000000000e+05 4.905880000000000000e+06
3.569760000000000000e+05 4.910880000000000000e+06
3.569760000000000000e+05 4.915880000000000000e+06
3.569760000000000000e+05 4.920880000000000000e+06
3.569760000000000000e+05 4.925880000000000000e+06
3.569760000000000000e+05 4.930880000000000000e+06
3.569760000000000000e+05 4.935880000000000000e+06
3.569760000000000000e+05 4.940880000000000000e+06
3.569760000000000000e+05 4.945880000000000000e+06
3.569760000000000000e+05 4.950880000000000000e+06
3.569760000000000000e+05 4.955880000000000000e+06
3.569760000000000000e+05 4.960880000000000000e+06
3.569760000000000000e+05 4.965880000000000000e+06
3.569760000000000000e+05 4.970880000000000000e+06
3.569760000000000000e+05 4.975880000000000000e+06
3.569760000000000000e+05 4.980880000000000000e+06
3.569760000000000000e+05 4.985880000000000000e+06
3.569760000000000000e+05 4.990880000000000000e+06
3.569760000000000000e+05 4.995880000000000000e+06
3.569760000000000000e+05 5.000880000000000000e+06
3.619760000000000000e+05 4.800880000000000000e+06
3.619760000000000000e+05 4.805880000000000000e+06
3.619760000000000000e+05 4.810880000000000000e+06
3.619760000000000000e+05 4.815880000000000000e+06
3.619760000000000000e+05 4.820880000000000000e+06
3.619760000000000000e+05 4.825880000000000000e+06
3.619760000000000000e+05 4.830880000000000000e+06
3.619760000000000000e+05 4.835880000000000000e+06
3.619760000000000000e+05 4.840880000000000000e+06
3.619760000000000000e+05 4.845880000000000000e+06
3.619760000000000000e+05 4.850880000000000000e+06
3.619760000000000000e+05 4.855880000000000000e+06
3.619760000000000000e+05 4.860880000000000000e+06
3.619760000000000000e+05 4.865880000000000000e+06
3.619760000000000000e+05 4.870880000000000000e+06
3.619760000000000000e+05 4.875880000000000000e+06
3.619760000000000000e+05 4.880880000000000000e+06
3.619760000000000000e+05 4.885880000000000000e+06
3.619760000000000000e+05 4.890880000000000000e+06
3.619760000000000000e+05 4.895880000000000000e+06
3.619760000000000000e+05 4.900880000000000000e+06
3.619760000000000000e+05 4.905880000000000000e+06
3.619760000000000000e+05 4.910880000000000000e+06
3.619760000000000000e+05 4.915880000000000000e+06
3.619760000000000000e+05 4.920880000000000000e+06
3.619760000000000000e+05 4.925880000000000000e+06
3.619760000000000000e+05 4.930880000000000000e+06
3.619760000000000000e+05 4.935880000000000000e+06
3.619760000000000000e+05 4.940880000000000000e+06
3.619760000000000000e+05 4.945880000000000000e+06
3.619760000000000000e+05 4.950880000000000000e+06
3.619760000000000000e+05 4.955880000000000000e+06
3.619760000000000000e+05 4.960880000000000000e+06
3.619760000000000000e+05 4.965880000000000000e+06
3.619760000000000000e+05 4.970880000000000000e+06
3.619760000000000000e+05 4.975880000000000000e+06
3.619760000000000000e+05 4.980880000000000000e+06
3.619760000000000000e+05 4.985880000000000000e+06
3.619760000000000000e+05 4.990880000000000000e+06
3.619760000000000000e+05 4.995880000000000000e+06
3.619760000000000000e+05 5.000880000000000000e+06
3.669760000000000000e+05 4.800880000000000000e+06
3.669760000000000000e+05 4.805880000000000000e+06
3.669760000000000000e+05 4.810880000000000000e+06
3.669760000000000000e+05 4.815880000000000000e+06
3.669760000000000000e+05 4.820880000000000000e+06
3.669760000000000000e+05 4.825880000000000000e+06
3.669760000000000000e+05 4.830880000000000000e+06
3.669760000000000000e+05 4.835880000000000000e+06
3.669760000000000000e+05 4.840880000000000000e+06
3.669760000000000000e+05 4.845880000000000000e+06
3.669760000000000000e+05 4.850880000000000000e+06
3.669760000000000000e+05 4.855880000000000000e+06
3.669760000000000000e+05 4.860880000000000000e+06
3.669760000000000000e+05 4.865880000000000000e+06
3.669760000000000000e+05 4.870880000000000000e+06
3.669760000000000000e+05 4.875880000000000000e+06
3.669760000000000000e+05 4.880880000000000000e+06
3.669760000000000000e+05 4.885880000000000000e+06
3.669760000000000000e+05 4.890880000000000000e+06
3.669760000000000000e+05 4.895880000000000000e+06
3.669760000000000000e+05 4.900880000000000000e+06
3.669760000000000000e+05 4.905880000000000000e+06
3.669760000000000000e+05 4.910880000000000000e+06
3.669760000000000000e+05 4.915880000000000000e+06
3.669760000000000000e+05 4.920880000000000000e+06
3.669760000000000000e+05 4.925880000000000000e+06
3.669760000000000000e+05 4.930880000000000000e+06
3.669760000000000000e+05 4.935880000000000000e+06
3.669760000000000000e+05 4.940880000000000000e+06
3.669760000000000000e+05 4.945880000000000000e+06
3.669760000000000000e+05 4.950880000000000000e+06
3.669760000000000000e+05 4.955880000000000000e+06
3.669760000000000000e+05 4.960880000000000000e+06
3.669760000000000000e+05 4.965880000000000000e+06
3.669760000000000000e+05 4.970880000000000000e+06
3.669760000000000000e+05 4.975880000000000000e+06
3.669760000000000000e+05 4.980880000000000000e+06
3.669760000000000000e+05 4.985880000000000000e+06
3.669760000000000000e+05 4.990880000000000000e+06
3.669760000000000000e+05 4.995880000000000000e+06
3.669760000000000000e+05 5.000880000000000000e+06
3.719760000000000000e+05 4.800880000000000000e+06
3.719760000000000000e+05 4.805880000000000000e+06
3.719760000000000000e+05 4.810880000000000000e+06
3.719760000000000000e+05 4.815880000000000000e+06
3.719760000000000000e+05 4.820880000000000000e+06
3.719760000000000000e+05 4.825880000000000000e+06
3.719760000000000000e+05 4.830880000000000000e+06
3.719760000000000000e+05 4.835880000000000000e+06
3.719760000000000000e+05 4.840880000000000000e+06
3.719760000000000000e+05 4.845880000000000000e+06
3.719760000000000000e+05 4.850880000000000000e+06
3.719760000000000000e+05 4.855880000000000000e+06
3.719760000000000000e+05 4.860880000000000000e+06
3.719760000000000000e+05 4.865880000000000000e+06
3.719760000000000000e+05 4.870880000000000000e+06
3.719760000000000000e+05 4.875880000000000000e+06
3.719760000000000000e+05 4.880880000000000000e+06
3.719760000000000000e+05 4.885880000000000000e+06
3.719760000000000000e+05 4.890880000000000000e+06
3.719760000000000000e+05 4.895880000000000000e+06
3.719760000000000000e+05 4.900880000000000000e+06
3.719760000000000000e+05 4.905880000000000000e+06
3.719760000000000000e+05 4.910880000000000000e+06
3.719760000000000000e+05 4.915880000000000000e+06
3.719760000000000000e+05 4.920880000000000000e+06
3.719760000000000000e+05 4.925880000000000000e+06
3.719760000000000000e+05 4.930880000000000000e+06
3.719760000000000000e+05 4.935880000000000000e+06
3.719760000000000000e+05 4.940880000000000000e+06
3.719760000000000000e+05 4.945880000000000000e+06
3.719760000000000000e+05 4.950880000000000000e+06
3.719760000000000000e+05 4.955880000000000000e+06
3.719760000000000000e+05 4.960880000000000000e+06
3.719760000000000000e+05 4.965880000000000000e+06
3.719760000000000000e+05 4.970880000000000000e+06
3.719760000000000000e+05 4.975880000000000000e+06
3.719760000000000000e+05 4.980880000000000000e+06
3.719760000000000000e+05 4.985880000000000000e+06
3.719760000000000000e+05 4.990880000000000000e+06
3.719760000000000000e+05 4.995880000000000000e+06
3.719760000000000000e+05 5.000880000000000000e+06
3.769760000000000000e+05 4.800880000000000000e+06
3.769760000000000000e+05 4.805880000000000000e+06
3.769760000000000000e+05 4.810880000000000000e+06
3.769760000000000000e+05 4.815880000000000000e+06
3.769760000000000000e+05 4.820880000000000000e+06
3.769760000000000000e+05 4.825880000000000000e+06
3.769760000000000000e+05 4.830880000000000000e+06
3.769760000000000000e+05 4.835880000000000000e+06
3.769760000000000000e+05 4.840880000000000000e+06
3.769760000000000000e+05 4.845880000000000000e+06
3.769760000000000000e+05 4.850880000000000000e+06
3.769760000000000000e+05 4.855880000000000000e+06
3.769760000000000000e+05 4.860880000000000000e+06
3.769760000000000000e+05 4.865880000000000000e+06
3.769760000000000000e+05 4.870880000000000000e+06
3.769760000000000000e+05 4.875880000000000000e+06
3.769760000000000000e+05 4.880880000000000000e+06
3.769760000000000000e+05 4.885880000000000000e+06
3.769760000000000000e+05 4.890880000000000000e+06
3.769760000000000000e+05 4.895880000000000000e+06
3.769760000000000000e+05 4.900880000000000000e+06
3.769760000000000000e+05 4.905880000000000000e+06
3.769760000000000000e+05 4.910880000000000000e+06
3.769760000000000000e+05 4.915880000000000000e+06
3.769760000000000000e+05 4.920880000000000000e+06
3.769760000000000000e+05 4.925880000000000000e+06
3.769760000000000000e+05 4.930880000000000000e+06
3.769760000000000000e+05 4.935880000000000000e+06
3.769760000000000000e+05 4.940880000000000000e+06
3.769760000000000000e+05 4.945880000000000000e+06
3.769760000000000000e+05 4.950880000000000000e+06
3.769760000000000000e+05 4.955880000000000000e+06
3.769760000000000000e+05 4.960880000000000000e+06
3.769760000000000000e+05 4.965880000000000000e+06
3.769760000000000000e+05 4.970880000000000000e+06
3.769760000000000000e+05 4.975880000000000000e+06
3.769760000000000000e+05 4.980880000000000000e+06
3.769760000000000000e+05 4.985880000000000000e+06
3.769760000000000000e+05 4.990880000000000000e+06
3.769760000000000000e+05 4.995880000000000000e+06
3.769760000000000000e+05 5.000880000000000000e+06
3.819760000000000000e+05 4.800880000000000000e+06
3.819760000000000000e+05 4.805880000000000000e+06
3.819760000000000000e+05 4.810880000000000000e+06
3.819760000000000000e+05 4.815880000000000000e+06
3.819760000000000000e+05 4.820880000000000000e+06
3.819760000000000000e+05 4.825880000000000000e+06
3.819760000000000000e+05 4.830880000000000000e+06
3.819760000000000000e+05 4.835880000000000000e+06
3.819760000000000000e+05 4.840880000000000000e+06
3.819760000000000000e+05 4.845880000000000000e+06
3.819760000000000000e+05 4.850880000000000000e+06
3.819760000000000000e+05 4.855880000000000000e+06
3.819760000000000000e+05 4.860880000000000000e+06
3.819760000000000000e+05 4.865880000000000000e+06
3.819760000000000000e+05 4.870880000000000000e+06
3.819760000000000000e+05 4.875880000000000000e+06
3.819760000000000000e+05 4.880880000000000000e+06
3.819760000000000000e+05 4.885880000000000000e+06
3.819760000000000000e+05 4.890880000000000000e+06
3.819760000000000000e+05 4.895880000000000000e+06
3.819760000000000000e+05 4.900880000000000000e+06
3.819760000000000000e+05 4.905880000000000000e+06
3.819760000000000000e+05 4.910880000000000000e+06
3.819760000000000000e+05 4.915880000000000000e+06
3.819760000000000000e+05 4.920880000000000000e+06
3.819760000000000000e+05 4.925880000000000000e+06
3.819760000000000000e+05 4.930880000000000000e+06
3.819760000000000000e+05 4.935880000000000000e+06
3.819760000000000000e+05 4.940880000000000000e+06
3.819760000000000000e+05 4.945880000000000000e+06
3.819760000000000000e+05 4.950880000000000000e+06
3.819760000000000000e+05 4.955880000000000000e+06
3.819760000000000000e+05 4.960880000000000000e+06
3.819760000000000000e+05 4.965880000000000000e+06
3.819760000000000000e+05 4.970880000000000000e+06
3.819760000000000000e+05 4.975880000000000000e+06
3.819760000000000000e+05 4.980880000000000000e+06
3.819760000000000000e+05 4.985880000000000000e+06
3.819760000000000000e+05 4.990880000000000000e+06
3.819760000000000000e+05 4.995880000000000000e+06
3.819760000000000000e+05 5.000880000000000000e+06
3.869760000000000000e+05 4.800880000000000000e+06
3.869760000000000000e+05 4.805880000000000000e+06
3.869760000000000000e+05 4.810880000000000000e+06
3.869760000000000000e+05 4.815880000000000000e+06
3.869760000000000000e+05 4.820880000000000000e+06
3.869760000000000000e+05 4.825880000000000000e+06
3.869760000000000000e+05 4.830880000000000000e+06
3.869760000000000000e+05 4.835880000000000000e+06
3.869760000000000000e+05 4.840880000000000000e+06
3.869760000000000000e+05 4.845880000000000000e+06
3.869760000000000000e+05 4.850880000000000000e+06
3.869760000000000000e+05 4.855880000000000000e+06
3.869760000000000000e+05 4.860880000000000000e+06
3.869760000000000000e+05 4.865880000000000000e+06
3.869760000000000000e+05 4.870880000000000000e+06
3.869760000000000000e+05 4.875880000000000000e+06
3.869760000000000000e+05 4.880880000000000000e+06
3.869760000000000000e+05 4.885880000000000000e+06
3.869760000000000000e+05 4.890880000000000000e+06
3.869760000000000000e+05 4.895880000000000000e+06
3.869760000000000000e+05 4.900880000000000000e+06
3.869760000000000000e+05 4.905880000000000000e+06
3.869760000000000000e+05 4.910880000000000000e+06
3.869760000000000000e+05 4.915880000000000000e+06
3.869760000000000000e+05 4.920880000000000000e+06
3.869760000000000000e+05 4.925880000000000000e+06
3.869760000000000000e+05 4.930880000000000000e+06
3.869760000000000000e+05 4.935880000000000000e+06
3.869760000000000000e+05 4.940880000000000000e+06
3.869760000000000000e+05 4.945880000000000000e+06
3.869760000000000000e+05 4.950880000000000000e+06
3.869760000000000000e+05 4.955880000000000000e+06
3.869760000000000000e+05 4.960880000000000000e+06
3.869760000000000000e+05 4.965880000000000000e+06
3.869760000000000000e+05 4.970880000000000000e+06
3.869760000000000000e+05 4.975880000000000000e+06
3.869760000000000000e+05 4.980880000000000000e+06
3.869760000000000000e+05 4.985880000000000000e+06
3.869760000000000000e+05 4.990880000000000000e+06
3.869760000000000000e+05 4.995880000000000000e+06
3.869760000000000000e+05 5.000880000000000000e+06
3.919760000000000000e+05 4.800880000000000000e+06
3.919760000000000000e+05 4.805880000000000000e+06
3.919760000000000000e+05 4.810880000000000000e+06
3.919760000000000000e+05 4.815880000000000000e+06
3.919760000000000000e+05 4.820880000000000000e+06
3.919760000000000000e+05 4.825880000000000000e+06
3.919760000000000000e+05 4.830880000000000000e+06
3.919760000000000000e+05 4.835880000000000000e+06
3.919760000000000000e+05 4.840880000000000000e+06
3.919760000000000000e+05 4.845880000000000000e+06
3.919760000000000000e+05 4.850880000000000000e+06
3.919760000000000000e+05 4.855880000000000000e+06
3.919760000000000000e+05 4.860880000000000000e+06
3.919760000000000000e+05 4.865880000000000000e+06
3.919760000000000000e+05 4.870880000000000000e+06
3.919760000000000000e+05 4.875880000000000000e+06
3.919760000000000000e+05 4.880880000000000000e+06
3.919760000000000000e+05 4.885880000000000000e+06
3.919760000000000000e+05 4.890880000000000000e+06
3.919760000000000000e+05 4.895880000000000000e+06
3.919760000000000000e+05 4.900880000000000000e+06
3.919760000000000000e+05 4.905880000000000000e+06
3.919760000000000000e+05 4.910880000000000000e+06
3.919760000000000000e+05 4.915880000000000000e+06
3.919760000000000000e+05 4.920880000000000000e+06
3.919760000000000000e+05 4.925880000000000000e+06
3.919760000000000000e+05 4.930880000000000000e+06
3.919760000000000000e+05 4.935880000000000000e+06
3.919760000000000000e+05 4.940880000000000000e+06
3.919760000000000000e+05 4.945880000000000000e+06
3.919760000000000000e+05 4.950880000000000000e+06
3.919760000000000000e+05 4.955880000000000000e+06
3.919760000000000000e+05 4.960880000000000000e+06
3.919760000000000000e+05 4.965880000000000000e+06
3.919760000000000000e+05 4.970880000000000000e+06
3.919760000000000000e+05 4.975880000000000000e+06
3.919760000000000000e+05 4.980880000000000000e+06
3.919760000000000000e+05 4.985880000000000000e+06
3.919760000000000000e+05 4.990880000000000000e+06
3.919760000000000000e+05 4.995880000000000000e+06
3.919760000000000000e+05 5.000880000000000000e+06
3.969760000000000000e+05 4.800880000000000000e+06
3.969760000000000000e+05 4.805880000000000000e+06
3.969760000000000000e+05 4.810880000000000000e+06
3.969760000000000000e+05 4.815880000000000000e+06
3.969760000000000000e+05 4.820880000000000000e+06
3.969760000000000000e+05 4.825880000000000000e+06
3.969760000000000000e+05 4.830880000000000000e+06
3.969760000000000000e+05 4.835880000000000000e+06
3.969760000000000000e+05 4.840880000000000000e+06
3.969760000000000000e+05 4.845880000000000000e+06
3.969760000000000000e+05 4.850880000000000000e+06
3.969760000000000000e+05 4.855880000000000000e+06
3.969760000000000000e+05 4.860880000000000000e+06
3.969760000000000000e+05 4.865880000000000000e+06
3.969760000000000000e+05 4.870880000000000000e+06
3.969760000000000000e+05 4.875880000000000000e+06
3.969760000000000000e+05 4.880880000000000000e+06
3.969760000000000000e+05 4.885880000000000000e+06
3.969760000000000000e+05 4.890880000000000000e+06
3.969760000000000000e+05 4.895880000000000000e+06
3.969760000000000000e+05 4.900880000000000000e+06
3.969760000000000000e+05 4.905880000000000000e+06
3.969760000000000000e+05 4.910880000000000000e+06
3.969760000000000000e+05 4.915880000000000000e+06
3.969760000000000000e+05 4.920880000000000000e+06
3.969760000000000000e+05 4.925880000000000000e+06
3.969760000000000000e+05 4.930880000000000000e+06
3.969760000000000000e+05 4.935880000000000000e+06
3.969760000000000000e+05 4.940880000000000000e+06
3.969760000000000000e+05 4.945880000000000000e+06
3.969760000000000000e+05 4.950880000000000000e+06
3.969760000000000000e+05 4.955880000000000000e+06
3.969760000000000000e+05 4.960880000000000000e+06
3.969760000000000000e+05 4.965880000000000000e+06
3.969760000000000000e+05 4.970880000000000000e+06
3.969760000000000000e+05 4.975880000000000000e+06
3.969760000000000000e+05 4.980880000000000000e+06
3.969760000000000000e+05 4.985880000000000000e+06
3.969760000000000000e+05 4.990880000000000000e+06
3.969760000000000000e+05 4.995880000000000000e+06
3.969760000000000000e+05 5.000880000000000000e+06
4.019760000000000000e+05 4.800880000000000000e+06
4.019760000000000000e+05 4.805880000000000000e+06
4.019760000000000000e+05 4.810880000000000000e+06
4.019760000000000000e+05 4.815880000000000000e+06
4.019760000000000000e+05 4.820880000000000000e+06
4.019760000000000000e+05 4.825880000000000000e+06
4.019760000000000000e+05 4.830880000000000000e+06
4.019760000000000000e+05 4.835880000000000000e+06
4.019760000000000000e+05 4.840880000000000000e+06
4.019760000000000000e+05 4.845880000000000000e+06
4.019760000000000000e+05 4.850880000000000000e+06
4.019760000000000000e+05 4.855880000000000000e+06
4.019760000000000000e+05 4.860880000000000000e+06
4.019760000000000000e+05 4.865880000000000000e+06
4.019760000000000000e+05 4.870880000000000000e+06
4.019760000000000000e+05 4.875880000000000000e+06
4.019760000000000000e+05 4.880880000000000000e+06
4.019760000000000000e+05 4.885880000000000000e+06
4.019760000000000000e+05 4.890880000000000000e+06
4.019760000000000000e+05 4.895880000000000000e+06
4.019760000000000000e+05 4.900880000000000000e+06
4.019760000000000000e+05 4.905880000000000000e+06
4.019760000000000000e+05 4.910880000000000000e+06
4.019760000000000000e+05 4.915880000000000000e+06
4.019760000000000000e+05 4.920880000000000000e+06
4.019760000000000000e+05 4.925880000000000000e+06
4.019760000000000000e+05 4.930880000000000000e+06
4.019760000000000000e+05 4.935880000000000000e+06
4.019760000000000000e+05 4.940880000000000000e+06
4.019760000000000000e+05 4.945880000000000000e+06
4.019760000000000000e+05 4.950880000000000000e+06
4.019760000000000000e+05 4.955880000000000000e+06
4.019760000000000000e+05 4.960880000000000000e+06
4.019760000000000000e+05 4.965880000000000000e+06
4.019760000000000000e+05 4.970880000000000000e+06
4.019760000000000000e+05 4.975880000000000000e+06
4.019760000000000000e+05 4.980880000000000000e+06
4.019760000000000000e+05 4.985880000000000000e+06
4.019760000000000000e+05 4.990880000000000000e+06
4.019760000000000000e+05 4.995880000000000000e+06
4.019760000000000000e+05 5.000880000000000000e+06
4.069760000000000000e+05 4.800880000000000000e+06
4.069760000000000000e+05 4.805880000000000000e+06
4.069760000000000000e+05 4.810880000000000000e+06
4.069760000000000000e+05 4.815880000000000000e+06
4.069760000000000000e+05 4.820880000000000000e+06
4.069760000000000000e+05 4.825880000000000000e+06
4.069760000000000000e+05 4.830880000000000000e+06
4.069760000000000000e+05 4.835880000000000000e+06
4.069760000000000000e+05 4.840880000000000000e+06
4.069760000000000000e+05 4.845880000000000000e+06
4.069760000000000000e+05 4.850880000000000000e+06
4.069760000000000000e+05 4.855880000000000000e+06
4.069760000000000000e+05 4.860880000000000000e+06
4.069760000000000000e+05 4.865880000000000000e+06
4.069760000000000000e+05 4.870880000000000000e+06
4.069760000000000000e+05 4.875880000000000000e+06
4.069760000000000000e+05 4.880880000000000000e+06
4.069760000000000000e+05 4.885880000000000000e+06
4.069760000000000000e+05 4.890880000000000000e+06
4.069760000000000000e+05 4.895880000000000000e+06
4.069760000000000000e+05 4.900880000000000000e+06
4.069760000000000000e+05 4.905880000000000000e+06
4.069760000000000000e+05 4.910880000000000000e+06
4.069760000000000000e+05 4.915880000000000000e+06
4.069760000000000000e+05 4.920880000000000000e+06
4.069760000000000000e+05 4.925880000000000000e+06
4.069760000000000000e+05 4.930880000000000000e+06
4.069760000000000000e+05 4.935880000000000000e+06
4.069760000000000000e+05 4.940880000000000000e+06
4.069760000000000000e+05 4.945880000000000000e+06
4.069760000000000000e+05 4.950880000000000000e+06
4.069760000000000000e+05 4.955880000000000000e+06
4.069760000000000000e+05 4.960880000000000000e+06
4.069760000000000000e+05 4.965880000000000000e+06
4.069760000000000000e+05 4.970880000000000000e+06
4.069760000000000000e+05 4.975880000000000000e+06
4.069760000000000000e+05 4.980880000000000000e+06
4.069760000000000000e+05 4.985880000000000000e+06
4.069760000000000000e+05 4.990880000000000000e+06
4.069760000000000000e+05 4.995880000000000000e+06
4.069760000000000000e+05 5.000880000000000000e+06
4.119760000000000000e+05 4.800880000000000000e+06
4.119760000000000000e+05 4.805880000000000000e+06
4.119760000000000000e+05 4.810880000000000000e+06
4.119760000000000000e+05 4.815880000000000000e+06
4.119760000000000000e+05 4.820880000000000000e+06
4.119760000000000000e+05 4.825880000000000000e+06
4.119760000000000000e+05 4.830880000000000000e+06
4.119760000000000000e+05 4.835880000000000000e+06
4.119760000000000000e+05 4.840880000000000000e+06
4.119760000000000000e+05 4.845880000000000000e+06
4.119760000000000000e+05 4.850880000000000000e+06
4.119760000000000000e+05 4.855880000000000000e+06
4.119760000000000000e+05 4.860880000000000000e+06
4.119760000000000000e+05 4.865880000000000000e+06
4.119760000000000000e+05 4.870880000000000000e+06
4.119760000000000000e+05 4.875880000000000000e+06
4.119760000000000000e+05 4.880880000000000000e+06
4.119760000000000000e+05 4.885880000000000000e+06
4.119760000000000000e+05 4.890880000000000000e+06
4.119760000000000000e+05 4.895880000000000000e+06
4.119760000000000000e+05 4.900880000000000000e+06
4.119760000000000000e+05 4.905880000000000000e+06
4.119760000000000000e+05 4.910880000000000000e+06
4.119760000000000000e+05 4.915880000000000000e+06
4.119760000000000000e+05 4.920880000000000000e+06
4.119760000000000000e+05 4.925880000000000000e+06
4.119760000000000000e+05 4.930880000000000000e+06
4.119760000000000000e+05 4.935880000000000000e+06
4.119760000000000000e+05 4.940880000000000000e+06
4.119760000000000000e+05 4.945880000000000000e+06
4.119760000000000000e+05 4.950880000000000000e+06
4.119760000000000000e+05 4.955880000000000000e+06
4.119760000000000000e+05 4.960880000000000000e+06
4.119760000000000000e+05 4.965880000000000000e+06
4.119760000000000000e+05 4.970880000000000000e+06
4.119760000000000000e+05 4.975880000000000000e+06
4.119760000000000000e+05 4.980880000000000000e+06
4.119760000000000000e+05 4.985880000000000000e+06
4.119760000000000000e+05 4.990880000000000000e+06
4.119760000000000000e+05 4.995880000000000000e+06
4.119760000000000000e+05 5.000880000000000000e+06
4.169760000000000000e+05 4.800880000000000000e+06
4.169760000000000000e+05 4.805880000000000000e+06
4.169760000000000000e+05 4.810880000000000000e+06
4.169760000000000000e+05 4.815880000000000000e+06
4.169760000000000000e+05 4.820880000000000000e+06
4.169760000000000000e+05 4.825880000000000000e+06
4.169760000000000000e+05 4.830880000000000000e+06
4.169760000000000000e+05 4.835880000000000000e+06
4.169760000000000000e+05 4.840880000000000000e+06
4.169760000000000000e+05 4.845880000000000000e+06
4.169760000000000000e+05 4.850880000000000000e+06
4.169760000000000000e+05 4.855880000000000000e+06
4.169760000000000000e+05 4.860880000000000000e+06
4.169760000000000000e+05 4.865880000000000000e+06
4.169760000000000000e+05 4.870880000000000000e+06
4.169760000000000000e+05 4.875880000000000000e+06
4.169760000000000000e+05 4.880880000000000000e+06
4.169760000000000000e+05 4.885880000000000000e+06
4.169760000000000000e+05 4.890880000000000000e+06
4.169760000000000000e+05 4.895880000000000000e+06
4.169760000000000000e+05 4.900880000000000000e+06
4.169760000000000000e+05 4.905880000000000000e+06
4.169760000000000000e+05 4.910880000000000000e+06
4.169760000000000000e+05 4.915880000000000000e+06
4.169760000000000000e+05 4.920880000000000000e+06
4.169760000000000000e+05 4.925880000000000000e+06
4.169760000000000000e+05 4.930880000000000000e+06
4.169760000000000000e+05 4.935880000000000000e+06
4.169760000000000000e+05 4.940880000000000000e+06
4.169760000000000000e+05 4.945880000000000000e+06
4.169760000000000000e+05 4.950880000000000000e+06
4.169760000000000000e+05 4.955880000000000000e+06
4.169760000000000000e+05 4.960880000000000000e+06
4.169760000000000000e+05 4.965880000000000000e+06
4.169760000000000000e+05 4.970880000000000000e+06
4.169760000000000000e+05 4.975880000000000000e+06
4.169760000000000000e+05 4.980880000000000000e+06
4.169760000000000000e+05 4.985880000000000000e+06
4.169760000000000000e+05 4.990880000000000000e+06
4.169760000000000000e+05 4.995880000000000000e+06
4.169760000000000000e+05 5.000880000000000000e+06
4.219760000000000000e+05 4.800880000000000000e+06
4.219760000000000000e+05 4.805880000000000000e+06
4.219760000000000000e+05 4.810880000000000000e+06
4.219760000000000000e+05 4.815880000000000000e+06
4.219760000000000000e+05 4.820880000000000000e+06
4.219760000000000000e+05 4.825880000000000000e+06
4.219760000000000000e+05 4.830880000000000000e+06
4.219760000000000000e+05 4.835880000000000000e+06
4.219760000000000000e+05 4.840880000000000000e+06
4.219760000000000000e+05 4.845880000000000000e+06
4.219760000000000000e+05 4.850880000000000000e+06
4.219760000000000000e+05 4.855880000000000000e+06
4.219760000000000000e+05 4.860880000000000000e+06
4.219760000000000000e+05 4.865880000000000000e+06
4.219760000000000000e+05 4.870880000000000000e+06
4.219760000000000000e+05 4.875880000000000000e+06
4.219760000000000000e+05 4.880880000000000000e+06
4.219760000000000000e+05 4.885880000000000000e+06
4.219760000000000000e+05 4.890880000000000000e+06
4.219760000000000000e+05 4.895880000000000000e+06
4.219760000000000000e+05 4.900880000000000000e+06
4.219760000000000000e+05 4.905880000000000000e+06
4.219760000000000000e+05 4.910880000000000000e+06
4.219760000000000000e+05 4.915880000000000000e+06
4.219760000000000000e+05 4.920880000000000000e+06
4.219760000000000000e+05 4.925880000000000000e+06
4.219760000000000000e+05 4.930880000000000000e+06
4.219760000000000000e+05 4.935880000000000000e+06
4.219760000000000000e+05 4.940880000000000000e+06
4.219760000000000000e+05 4.945880000000000000e+06
4.219760000000000000e+05 4.950880000000000000e+06
4.219760000000000000e+05 4.955880000000000000e+06
4.219760000000000000e+05 4.960880000000000000e+06
4.219760000000000000e+05 4.965880000000000000e+06
4.219760000000000000e+05 4.970880000000000000e+06
4.219760000000000000e+05 4.975880000000000000e+06
4.219760000000000000e+05 4.980880000000000000e+06
4.219760000000000000e+05 4.985880000000000000e+06
4.219760000000000000e+05 4.990880000000000000e+06
4.219760000000000000e+05 4.995880000000000000e+06
4.219760000000000000e+05 5.000880000000000000e+06
4.269760000000000000e+05 4.800880000000000000e+06
4.269760000000000000e+05 4.805880000000000000e+06
4.269760000000000000e+05 4.810880000000000000e+06
4.269760000000000000e+05 4.815880000000000000e+06
4.269760000000000000e+05 4.820880000000000000e+06
4.269760000000000000e+05 4.825880000000000000e+06
4.269760000000000000e+05 4.830880000000000000e+06
4.269760000000000000e+05 4.835880000000000000e+06
4.269760000000000000e+05 4.840880000000000000e+06
4.269760000000000000e+05 4.845880000000000000e+06
4.269760000000000000e+05 4.850880000000000000e+06
4.269760000000000000e+05 4.855880000000000000e+06
4.269760000000000000e+05 4.860880000000000000e+06
4.269760000000000000e+05 4.865880000000000000e+06
4.269760000000000000e+05 4.870880000000000000e+06
4.269760000000000000e+05 4.875880000000000000e+06
4.269760000000000000e+05 4.880880000000000000e+06
4.269760000000000000e+05 4.885880000000000000e+06
4.269760000000000000e+05 4.890880000000000000e+06
4.269760000000000000e+05 4.895880000000000000e+06
4.269760000000000000e+05 4.900880000000000000e+06
4.269760000000000000e+05 4.905880000000000000e+06
4.269760000000000000e+05 4.910880000000000000e+06
4.269760000000000000e+05 4.915880000000000000e+06
4.269760000000000000e+05 4.920880000000000000e+06
4.269760000000000000e+05 4.925880000000000000e+06
4.269760000000000000e+05 4.930880000000000000e+06
4.269760000000000000e+05 4.935880000000000000e+06
4.269760000000000000e+05 4.940880000000000000e+06
4.269760000000000000e+05 4.945880000000000000e+06
4.269760000000000000e+05 4.950880000000000000e+06
4.269760000000000000e+05 4.955880000000000000e+06
4.269760000000000000e+05 4.960880000000000000e+06
4.269760000000000000e+05 4.965880000000000000e+06
4.269760000000000000e+05 4.970880000000000000e+06
4.269760000000000000e+05 4.975880000000000000e+06
4.269760000000000000e+05 4.980880000000000000e+06
4.269760000000000000e+05 4.985880000000000000e+06
4.269760000000000000e+05 4.990880000000000000e+06
4.269760000000000000e+05 4.995880000000000000e+06
4.269760000000000000e+05 5.000880000000000000e+06
4.319760000000000000e+05 4.800880000000000000e+06
4.319760000000000000e+05 4.805880000000000000e+06
4.319760000000000000e+05 4.810880000000000000e+06
4.319760000000000000e+05 4.815880000000000000e+06
4.319760000000000000e+05 4.820880000000000000e+06
4.319760000000000000e+05 4.825880000000000000e+06
4.319760000000000000e+05 4.830880000000000000e+06
4.319760000000000000e+05 4.835880000000000000e+06
4.319760000000000000e+05 4.840880000000000000e+06
4.319760000000000000e+05 4.845880000000000000e+06
4.319760000000000000e+05 4.850880000000000000e+06
4.319760000000000000e+05 4.855880000000000000e+06
4.319760000000000000e+05 4.860880000000000000e+06
4.319760000000000000e+05 4.865880000000000000e+06
4.319760000000000000e+05 4.870880000000000000e+06
4.319760000000000000e+05 4.875880000000000000e+06
4.319760000000000000e+05 4.880880000000000000e+06
4.319760000000000000e+05 4.885880000000000000e+06
4.319760000000000000e+05 4.890880000000000000e+06
4.319760000000000000e+05 4.895880000000000000e+06
4.319760000000000000e+05 4.900880000000000000e+06
4.319760000000000000e+05 4.905880000000000000e+06
4.319760000000000000e+05 4.910880000000000000e+06
4.319760000000000000e+05 4.915880000000000000e+06
4.319760000000000000e+05 4.920880000000000000e+06
4.319760000000000000e+05 4.925880000000000000e+06
4.319760000000000000e+05 4.930880000000000000e+06
4.319760000000000000e+05 4.935880000000000000e+06
4.319760000000000000e+05 4.940880000000000000e+06
4.319760000000000000e+05 4.945880000000000000e+06
4.319760000000000000e+05 4.950880000000000000e+06
4.319760000000000000e+05 4.955880000000000000e+06
4.319760000000000000e+05 4.960880000000000000e+06
4.319760000000000000e+05 4.965880000000000000e+06
4.319760000000000000e+05 4.970880000000000000e+06
4.319760000000000000e+05 4.975880000000000000e+06
4.319760000000000000e+05 4.980880000000000000e+06
4.319760000000000000e+05 4.985880000000000000e+06
4.319760000000000000e+05 4.990880000000000000e+06
4.319760000000000000e+05 4.995880000000000000e+06
4.319760000000000000e+05 5.000880000000000000e+06
