3.199598000000000000e+06 4.799618000000000000e+06
3.199598000000000000e+06 4.819618000000000000e+06
3.199598000000000000e+06 4.839618000000000000e+06
3.199598000000000000e+06 4.859618000000000000e+06
3.199598000000000000e+06 4.879618000000000000e+06
3.199598000000000000e+06 4.899618000000000000e+06
3.199598000000000000e+06 4.919618000000000000e+06
3.199598000000000000e+06 4.939618000000000000e+06
3.199598000000000000e+06 4.959618000000000000e+06
3.199598000000000000e+06 4.979618000000000000e+06
3.199598000000000000e+06 4.999618000000000000e+06
3.199598000000000000e+06 5.019618000000000000e+06
3.199598000000000000e+06 5.039618000000000000e+06
3.199598000000000000e+06 5.059618000000000000e+06
3.199598000000000000e+06 5.079618000000000000e+06
3.199598000000000000e+06 5.099618000000000000e+06
3.199598000000000000e+06 5.119618000000000000e+06
3.199598000000000000e+06 5.139618000000000000e+06
3.199598000000000000e+06 5.159618000000000000e+06
3.199598000000000000e+06 5.179618000000000000e+06
3.199598000000000000e+06 5.199618000000000000e+06
3.199598000000000000e+06 5.219618000000000000e+06
3.199598000000000000e+06 5.239618000000000000e+06
3.199598000000000000e+06 5.259618000000000000e+06
3.199598000000000000e+06 5.279618000000000000e+06
3.199598000000000000e+06 5.299618000000000000e+06
3.199598000000000000e+06 5.319618000000000000e+06
3.199598000000000000e+06 5.339618000000000000e+06
3.199598000000000000e+06 5.359618000000000000e+06
3.199598000000000000e+06 5.379618000000000000e+06
3.199598000000000000e+06 5.399618000000000000e+06
3.199598000000000000e+06 5.419618000000000000e+06
3.199598000000000000e+06 5.439618000000000000e+06
3.199598000000000000e+06 5.459618000000000000e+06
3.199598000000000000e+06 5.479618000000000000e+06
3.199598000000000000e+06 5.499618000000000000e+06
3.199598000000000000e+06 5.519618000000000000e+06
3.199598000000000000e+06 5.539618000000000000e+06
3.199598000000000000e+06 5.559618000000000000e+06
3.199598000000000000e+06 5.579618000000000000e+06
3.199598000000000000e+06 5.599618000000000000e+06
3.219598000000000000e+06 4.799618000000000000e+06
3.219598000000000000e+06 4.819618000000000000e+06
3.219598000000000000e+06 4.839618000000000000e+06
3.219598000000000000e+06 4.859618000000000000e+06
3.219598000000000000e+06 4.879618000000000000e+06
3.219598000000000000e+06 4.899618000000000000e+06
3.219598000000000000e+06 4.919618000000000000e+06
3.219598000000000000e+06 4.939618000000000000e+06
3.219598000000000000e+06 4.959618000000000000e+06
3.219598000000000000e+06 4.979618000000000000e+06
3.219598000000000000e+06 4.999618000000000000e+06
3.219598000000000000e+06 5.019618000000000000e+06
3.219598000000000000e+06 5.039618000000000000e+06
3.219598000000000000e+06 5.059618000000000000e+06
3.219598000000000000e+06 5.079618000000000000e+06
3.219598000000000000e+06 5.099618000000000000e+06
3.219598000000000000e+06 5.119618000000000000e+06
3.219598000000000000e+06 5.139618000000000000e+06
3.219598000000000000e+06 5.159618000000000000e+06
3.219598000000000000e+06 5.179618000000000000e+06
3.219598000000000000e+06 5.199618000000000000e+06
3.219598000000000000e+06 5.219618000000000000e+06
3.219598000000000000e+06 5.239618000000000000e+06
3.219598000000000000e+06 5.259618000000000000e+06
3.219598000000000000e+06 5.279618000000000000e+06
3.219598000000000000e+06 5.299618000000000000e+06
3.219598000000000000e+06 5.319618000000000000e+06
3.219598000000000000e+06 5.339618000000000000e+06
3.219598000000000000e+06 5.359618000000000000e+06
3.219598000000000000e+06 5.379618000000000000e+06
3.219598000000000000e+06 5.399618000000000000e+06
3.219598000000000000e+06 5.419618000000000000e+06
3.219598000000000000e+06 5.439618000000000000e+06
3.219598000000000000e+06 5.459618000000000000e+06
3.219598000000000000e+06 5.479618000000000000e+06
3.219598000000000000e+06 5.499618000000000000e+06
3.219598000000000000e+06 5.519618000000000000e+06
3.219598000000000000e+06 5.539618000000000000e+06
3.219598000000000000e+06 5.559618000000000000e+06
3.219598000000000000e+06 5.579618000000000000e+06
3.219598000000000000e+06 5.599618000000000000e+06
3.239598000000000000e+06 4.799618000000000000e+06
3.239598000000000000e+06 4.819618000000000000e+06
3.239598000000000000e+06 4.839618000000000000e+06
3.239598000000000000e+06 4.859618000000000000e+06
3.239598000000000000e+06 4.879618000000000000e+06
3.239598000000000000e+06 4.899618000000000000e+06
3.239598000000000000e+06 4.919618000000000000e+06
3.239598000000000000e+06 4.939618000000000000e+06
3.239598000000000000e+06 4.959618000000000000e+06
3.239598000000000000e+06 4.979618000000000000e+06
3.239598000000000000e+06 4.999618000000000000e+06
3.239598000000000000e+06 5.019618000000000000e+06
3.239598000000000000e+06 5.039618000000000000e+06
3.239598000000000000e+06 5.059618000000000000e+06
3.239598000000000000e+06 5.079618000000000000e+06
3.239598000000000000e+06 5.099618000000000000e+06
3.239598000000000000e+06 5.119618000000000000e+06
3.239598000000000000e+06 5.139618000000000000e+06
3.239598000000000000e+06 5.159618000000000000e+06
3.239598000000000000e+06 5.179618000000000000e+06
3.239598000000000000e+06 5.199618000000000000e+06
3.239598000000000000e+06 5.219618000000000000e+06
3.239598000000000000e+06 5.239618000000000000e+06
3.239598000000000000e+06 5.259618000000000000e+06
3.239598000000000000e+06 5.279618000000000000e+06
3.239598000000000000e+06 5.299618000000000000e+06
3.239598000000000000e+06 5.319618000000000000e+06
3.239598000000000000e+06 5.339618000000000000e+06
3.239598000000000000e+06 5.359618000000000000e+06
3.239598000000000000e+06 5.379618000000000000e+06
3.239598000000000000e+06 5.399618000000000000e+06
3.239598000000000000e+06 5.419618000000000000e+06
3.239598000000000000e+06 5.439618000000000000e+06
3.239598000000000000e+06 5.459618000000000000e+06
3.239598000000000000e+06 5.479618000000000000e+06
3.239598000000000000e+06 5.499618000000000000e+06
3.239598000000000000e+06 5.519618000000000000e+06
3.239598000000000000e+06 5.539618000000000000e+06
3.239598000000000000e+06 5.559618000000000000e+06
3.239598000000000000e+06 5.579618000000000000e+06
3.239598000000000000e+06 5.599618000000000000e+06
3.259598000000000000e+06 4.799618000000000000e+06
3.259598000000000000e+06 4.819618000000000000e+06
3.259598000000000000e+06 4.839618000000000000e+06
3.259598000000000000e+06 4.859618000000000000e+06
3.259598000000000000e+06 4.879618000000000000e+06
3.259598000000000000e+06 4.899618000000000000e+06
3.259598000000000000e+06 4.919618000000000000e+06
3.259598000000000000e+06 4.939618000000000000e+06
3.259598000000000000e+06 4.959618000000000000e+06
3.259598000000000000e+06 4.979618000000000000e+06
3.259598000000000000e+06 4.999618000000000000e+06
3.259598000000000000e+06 5.019618000000000000e+06
3.259598000000000000e+06 5.039618000000000000e+06
3.259598000000000000e+06 5.059618000000000000e+06
3.259598000000000000e+06 5.079618000000000000e+06
3.259598000000000000e+06 5.099618000000000000e+06
3.259598000000000000e+06 5.119618000000000000e+06
3.259598000000000000e+06 5.139618000000000000e+06
3.259598000000000000e+06 5.159618000000000000e+06
3.259598000000000000e+06 5.179618000000000000e+06
3.259598000000000000e+06 5.199618000000000000e+06
3.259598000000000000e+06 5.219618000000000000e+06
3.259598000000000000e+06 5.239618000000000000e+06
3.259598000000000000e+06 5.259618000000000000e+06
3.259598000000000000e+06 5.279618000000000000e+06
3.259598000000000000e+06 5.299618000000000000e+06
3.259598000000000000e+06 5.319618000000000000e+06
3.259598000000000000e+06 5.339618000000000000e+06
3.259598000000000000e+06 5.359618000000000000e+06
3.259598000000000000e+06 5.379618000000000000e+06
3.259598000000000000e+06 5.399618000000000000e+06
3.259598000000000000e+06 5.419618000000000000e+06
3.259598000000000000e+06 5.439618000000000000e+06
3.259598000000000000e+06 5.459618000000000000e+06
3.259598000000000000e+06 5.479618000000000000e+06
3.259598000000000000e+06 5.499618000000000000e+06
3.259598000000000000e+06 5.519618000000000000e+06
3.259598000000000000e+06 5.539618000000000000e+06
3.259598000000000000e+06 5.559618000000000000e+06
3.259598000000000000e+06 5.579618000000000000e+06
3.259598000000000000e+06 5.599618000000000000e+06
3.279598000000000000e+06 4.799618000000000000e+06
3.279598000000000000e+06 4.819618000000000000e+06
3.279598000000000000e+06 4.839618000000000000e+06
3.279598000000000000e+06 4.859618000000000000e+06
3.279598000000000000e+06 4.879618000000000000e+06
3.279598000000000000e+06 4.899618000000000000e+06
3.279598000000000000e+06 4.919618000000000000e+06
3.279598000000000000e+06 4.939618000000000000e+06
3.279598000000000000e+06 4.959618000000000000e+06
3.279598000000000000e+06 4.979618000000000000e+06
3.279598000000000000e+06 4.999618000000000000e+06
3.279598000000000000e+06 5.019618000000000000e+06
3.279598000000000000e+06 5.039618000000000000e+06
3.279598000000000000e+06 5.059618000000000000e+06
3.279598000000000000e+06 5.079618000000000000e+06
3.279598000000000000e+06 5.099618000000000000e+06
3.279598000000000000e+06 5.119618000000000000e+06
3.279598000000000000e+06 5.139618000000000000e+06
3.279598000000000000e+06 5.159618000000000000e+06
3.279598000000000000e+06 5.179618000000000000e+06
3.279598000000000000e+06 5.199618000000000000e+06
3.279598000000000000e+06 5.219618000000000000e+06
3.279598000000000000e+06 5.239618000000000000e+06
3.279598000000000000e+06 5.259618000000000000e+06
3.279598000000000000e+06 5.279618000000000000e+06
3.279598000000000000e+06 5.299618000000000000e+06
3.279598000000000000e+06 5.319618000000000000e+06
3.279598000000000000e+06 5.339618000000000000e+06
3.279598000000000000e+06 5.359618000000000000e+06
3.279598000000000000e+06 5.379618000000000000e+06
3.279598000000000000e+06 5.399618000000000000e+06
3.279598000000000000e+06 5.419618000000000000e+06
3.279598000000000000e+06 5.439618000000000000e+06
3.279598000000000000e+06 5.459618000000000000e+06
3.279598000000000000e+06 5.479618000000000000e+06
3.279598000000000000e+06 5.499618000000000000e+06
3.279598000000000000e+06 5.519618000000000000e+06
3.279598000000000000e+06 5.539618000000000000e+06
3.279598000000000000e+06 5.559618000000000000e+06
3.279598000000000000e+06 5.579618000000000000e+06
3.279598000000000000e+06 5.599618000000000000e+06
3.299598000000000000e+06 4.799618000000000000e+06
3.299598000000000000e+06 4.819618000000000000e+06
3.299598000000000000e+06 4.839618000000000000e+06
3.299598000000000000e+06 4.859618000000000000e+06
3.299598000000000000e+06 4.879618000000000000e+06
3.299598000000000000e+06 4.899618000000000000e+06
3.299598000000000000e+06 4.919618000000000000e+06
3.299598000000000000e+06 4.939618000000000000e+06
3.299598000000000000e+06 4.959618000000000000e+06
3.299598000000000000e+06 4.979618000000000000e+06
3.299598000000000000e+06 4.999618000000000000e+06
3.299598000000000000e+06 5.019618000000000000e+06
3.299598000000000000e+06 5.039618000000000000e+06
3.299598000000000000e+06 5.059618000000000000e+06
3.299598000000000000e+06 5.079618000000000000e+06
3.299598000000000000e+06 5.099618000000000000e+06
3.299598000000000000e+06 5.119618000000000000e+06
3.299598000000000000e+06 5.139618000000000000e+06
3.299598000000000000e+06 5.159618000000000000e+06
3.299598000000000000e+06 5.179618000000000000e+06
3.299598000000000000e+06 5.199618000000000000e+06
3.299598000000000000e+06 5.219618000000000000e+06
3.299598000000000000e+06 5.239618000000000000e+06
3.299598000000000000e+06 5.259618000000000000e+06
3.299598000000000000e+06 5.279618000000000000e+06
3.299598000000000000e+06 5.299618000000000000e+06
3.299598000000000000e+06 5.319618000000000000e+06
3.299598000000000000e+06 5.339618000000000000e+06
3.299598000000000000e+06 5.359618000000000000e+06
3.299598000000000000e+06 5.379618000000000000e+06
3.299598000000000000e+06 5.399618000000000000e+06
3.299598000000000000e+06 5.419618000000000000e+06
3.299598000000000000e+06 5.439618000000000000e+06
3.299598000000000000e+06 5.459618000000000000e+06
3.299598000000000000e+06 5.479618000000000000e+06
3.299598000000000000e+06 5.499618000000000000e+06
3.299598000000000000e+06 5.519618000000000000e+06
3.299598000000000000e+06 5.539618000000000000e+06
3.299598000000000000e+06 5.559618000000000000e+06
3.299598000000000000e+06 5.579618000000000000e+06
3.299598000000000000e+06 5.599618000000000000e+06
3.319598000000000000e+06 4.799618000000000000e+06
3.319598000000000000e+06 4.819618000000000000e+06
3.319598000000000000e+06 4.839618000000000000e+06
3.319598000000000000e+06 4.859618000000000000e+06
3.319598000000000000e+06 4.879618000000000000e+06
3.319598000000000000e+06 4.899618000000000000e+06
3.319598000000000000e+06 4.919618000000000000e+06
3.319598000000000000e+06 4.939618000000000000e+06
3.319598000000000000e+06 4.959618000000000000e+06
3.319598000000000000e+06 4.979618000000000000e+06
3.319598000000000000e+06 4.999618000000000000e+06
3.319598000000000000e+06 5.019618000000000000e+06
3.319598000000000000e+06 5.039618000000000000e+06
3.319598000000000000e+06 5.059618000000000000e+06
3.319598000000000000e+06 5.079618000000000000e+06
3.319598000000000000e+06 5.099618000000000000e+06
3.319598000000000000e+06 5.119618000000000000e+06
3.319598000000000000e+06 5.139618000000000000e+06
3.319598000000000000e+06 5.159618000000000000e+06
3.319598000000000000e+06 5.179618000000000000e+06
3.319598000000000000e+06 5.199618000000000000e+06
3.319598000000000000e+06 5.219618000000000000e+06
3.319598000000000000e+06 5.239618000000000000e+06
3.319598000000000000e+06 5.259618000000000000e+06
3.319598000000000000e+06 5.279618000000000000e+06
3.319598000000000000e+06 5.299618000000000000e+06
3.319598000000000000e+06 5.319618000000000000e+06
3.319598000000000000e+06 5.339618000000000000e+06
3.319598000000000000e+06 5.359618000000000000e+06
3.319598000000000000e+06 5.379618000000000000e+06
3.319598000000000000e+06 5.399618000000000000e+06
3.319598000000000000e+06 5.419618000000000000e+06
3.319598000000000000e+06 5.439618000000000000e+06
3.319598000000000000e+06 5.459618000000000000e+06
3.319598000000000000e+06 5.479618000000000000e+06
3.319598000000000000e+06 5.499618000000000000e+06
3.319598000000000000e+06 5.519618000000000000e+06
3.319598000000000000e+06 5.539618000000000000e+06
3.319598000000000000e+06 5.559618000000000000e+06
3.319598000000000000e+06 5.579618000000000000e+06
3.319598000000000000e+06 5.599618000000000000e+06
3.339598000000000000e+06 4.799618000000000000e+06
3.339598000000000000e+06 4.819618000000000000e+06
3.339598000000000000e+06 4.839618000000000000e+06
3.339598000000000000e+06 4.859618000000000000e+06
3.339598000000000000e+06 4.879618000000000000e+06
3.339598000000000000e+06 4.899618000000000000e+06
3.339598000000000000e+06 4.919618000000000000e+06
3.339598000000000000e+06 4.939618000000000000e+06
3.339598000000000000e+06 4.959618000000000000e+06
3.339598000000000000e+06 4.979618000000000000e+06
3.339598000000000000e+06 4.999618000000000000e+06
3.339598000000000000e+06 5.019618000000000000e+06
3.339598000000000000e+06 5.039618000000000000e+06
3.339598000000000000e+06 5.059618000000000000e+06
3.339598000000000000e+06 5.079618000000000000e+06
3.339598000000000000e+06 5.099618000000000000e+06
3.339598000000000000e+06 5.119618000000000000e+06
3.339598000000000000e+06 5.139618000000000000e+06
3.339598000000000000e+06 5.159618000000000000e+06
3.339598000000000000e+06 5.179618000000000000e+06
3.339598000000000000e+06 5.199618000000000000e+06
3.339598000000000000e+06 5.219618000000000000e+06
3.339598000000000000e+06 5.239618000000000000e+06
3.339598000000000000e+06 5.259618000000000000e+06
3.339598000000000000e+06 5.279618000000000000e+06
3.339598000000000000e+06 5.299618000000000000e+06
3.339598000000000000e+06 5.319618000000000000e+06
3.339598000000000000e+06 5.339618000000000000e+06
3.339598000000000000e+06 5.359618000000000000e+06
3.339598000000000000e+06 5.379618000000000000e+06
3.339598000000000000e+06 5.399618000000000000e+06
3.339598000000000000e+06 5.419618000000000000e+06
3.339598000000000000e+06 5.439618000000000000e+06
3.339598000000000000e+06 5.459618000000000000e+06
3.339598000000000000e+06 5.479618000000000000e+06
3.339598000000000000e+06 5.499618000000000000e+06
3.339598000000000000e+06 5.519618000000000000e+06
3.339598000000000000e+06 5.539618000000000000e+06
3.339598000000000000e+06 5.559618000000000000e+06
3.339598000000000000e+06 5.579618000000000000e+06
3.339598000000000000e+06 5.599618000000000000e+06
3.359598000000000000e+06 4.799618000000000000e+06
3.359598000000000000e+06 4.819618000000000000e+06
3.359598000000000000e+06 4.839618000000000000e+06
3.359598000000000000e+06 4.859618000000000000e+06
3.359598000000000000e+06 4.879618000000000000e+06
3.359598000000000000e+06 4.899618000000000000e+06
3.359598000000000000e+06 4.919618000000000000e+06
3.359598000000000000e+06 4.939618000000000000e+06
3.359598000000000000e+06 4.959618000000000000e+06
3.359598000000000000e+06 4.979618000000000000e+06
3.359598000000000000e+06 4.999618000000000000e+06
3.359598000000000000e+06 5.019618000000000000e+06
3.359598000000000000e+06 5.039618000000000000e+06
3.359598000000000000e+06 5.059618000000000000e+06
3.359598000000000000e+06 5.079618000000000000e+06
3.359598000000000000e+06 5.099618000000000000e+06
3.359598000000000000e+06 5.119618000000000000e+06
3.359598000000000000e+06 5.139618000000000000e+06
3.359598000000000000e+06 5.159618000000000000e+06
3.359598000000000000e+06 5.179618000000000000e+06
3.359598000000000000e+06 5.199618000000000000e+06
3.359598000000000000e+06 5.219618000000000000e+06
3.359598000000000000e+06 5.239618000000000000e+06
3.359598000000000000e+06 5.259618000000000000e+06
3.359598000000000000e+06 5.279618000000000000e+06
3.359598000000000000e+06 5.299618000000000000e+06
3.359598000000000000e+06 5.319618000000000000e+06
3.359598000000000000e+06 5.339618000000000000e+06
3.359598000000000000e+06 5.359618000000000000e+06
3.359598000000000000e+06 5.379618000000000000e+06
3.359598000000000000e+06 5.399618000000000000e+06
3.359598000000000000e+06 5.419618000000000000e+06
3.359598000000000000e+06 5.439618000000000000e+06
3.359598000000000000e+06 5.459618000000000000e+06
3.359598000000000000e+06 5.479618000000000000e+06
3.359598000000000000e+06 5.499618000000000000e+06
3.359598000000000000e+06 5.519618000000000000e+06
3.359598000000000000e+06 5.539618000000000000e+06
3.359598000000000000e+06 5.559618000000000000e+06
3.359598000000000000e+06 5.579618000000000000e+06
3.359598000000000000e+06 5.599618000000000000e+06
3.379598000000000000e+06 4.799618000000000000e+06
3.379598000000000000e+06 4.819618000000000000e+06
3.379598000000000000e+06 4.839618000000000000e+06
3.379598000000000000e+06 4.859618000000000000e+06
3.379598000000000000e+06 4.879618000000000000e+06
3.379598000000000000e+06 4.899618000000000000e+06
3.379598000000000000e+06 4.919618000000000000e+06
3.379598000000000000e+06 4.939618000000000000e+06
3.379598000000000000e+06 4.959618000000000000e+06
3.379598000000000000e+06 4.979618000000000000e+06
3.379598000000000000e+06 4.999618000000000000e+06
3.379598000000000000e+06 5.019618000000000000e+06
3.379598000000000000e+06 5.039618000000000000e+06
3.379598000000000000e+06 5.059618000000000000e+06
3.379598000000000000e+06 5.079618000000000000e+06
3.379598000000000000e+06 5.099618000000000000e+06
3.379598000000000000e+06 5.119618000000000000e+06
3.379598000000000000e+06 5.139618000000000000e+06
3.379598000000000000e+06 5.159618000000000000e+06
3.379598000000000000e+06 5.179618000000000000e+06
3.379598000000000000e+06 5.199618000000000000e+06
3.379598000000000000e+06 5.219618000000000000e+06
3.379598000000000000e+06 5.239618000000000000e+06
3.379598000000000000e+06 5.259618000000000000e+06
3.379598000000000000e+06 5.279618000000000000e+06
3.379598000000000000e+06 5.299618000000000000e+06
3.379598000000000000e+06 5.319618000000000000e+06
3.379598000000000000e+06 5.339618000000000000e+06
3.379598000000000000e+06 5.359618000000000000e+06
3.379598000000000000e+06 5.379618000000000000e+06
3.379598000000000000e+06 5.399618000000000000e+06
3.379598000000000000e+06 5.419618000000000000e+06
3.379598000000000000e+06 5.439618000000000000e+06
3.379598000000000000e+06 5.459618000000000000e+06
3.379598000000000000e+06 5.479618000000000000e+06
3.379598000000000000e+06 5.499618000000000000e+06
3.379598000000000000e+06 5.519618000000000000e+06
3.379598000000000000e+06 5.539618000000000000e+06
3.379598000000000000e+06 5.559618000000000000e+06
3.379598000000000000e+06 5.579618000000000000e+06
3.379598000000000000e+06 5.599618000000000000e+06
3.399598000000000000e+06 4.799618000000000000e+06
3.399598000000000000e+06 4.819618000000000000e+06
3.399598000000000000e+06 4.839618000000000000e+06
3.399598000000000000e+06 4.859618000000000000e+06
3.399598000000000000e+06 4.879618000000000000e+06
3.399598000000000000e+06 4.899618000000000000e+06
3.399598000000000000e+06 4.919618000000000000e+06
3.399598000000000000e+06 4.939618000000000000e+06
3.399598000000000000e+06 4.959618000000000000e+06
3.399598000000000000e+06 4.979618000000000000e+06
3.399598000000000000e+06 4.999618000000000000e+06
3.399598000000000000e+06 5.019618000000000000e+06
3.399598000000000000e+06 5.039618000000000000e+06
3.399598000000000000e+06 5.059618000000000000e+06
3.399598000000000000e+06 5.079618000000000000e+06
3.399598000000000000e+06 5.099618000000000000e+06
3.399598000000000000e+06 5.119618000000000000e+06
3.399598000000000000e+06 5.139618000000000000e+06
3.399598000000000000e+06 5.159618000000000000e+06
3.399598000000000000e+06 5.179618000000000000e+06
3.399598000000000000e+06 5.199618000000000000e+06
3.399598000000000000e+06 5.219618000000000000e+06
3.399598000000000000e+06 5.239618000000000000e+06
3.399598000000000000e+06 5.259618000000000000e+06
3.399598000000000000e+06 5.279618000000000000e+06
3.399598000000000000e+06 5.299618000000000000e+06
3.399598000000000000e+06 5.319618000000000000e+06
3.399598000000000000e+06 5.339618000000000000e+06
3.399598000000000000e+06 5.359618000000000000e+06
3.399598000000000000e+06 5.379618000000000000e+06
3.399598000000000000e+06 5.399618000000000000e+06
3.399598000000000000e+06 5.419618000000000000e+06
3.399598000000000000e+06 5.439618000000000000e+06
3.399598000000000000e+06 5.459618000000000000e+06
3.399598000000000000e+06 5.479618000000000000e+06
3.399598000000000000e+06 5.499618000000000000e+06
3.399598000000000000e+06 5.519618000000000000e+06
3.399598000000000000e+06 5.539618000000000000e+06
3.399598000000000000e+06 5.559618000000000000e+06
3.399598000000000000e+06 5.579618000000000000e+06
3.399598000000000000e+06 5.599618000000000000e+06
3.419598000000000000e+06 4.799618000000000000e+06
3.419598000000000000e+06 4.819618000000000000e+06
3.419598000000000000e+06 4.839618000000000000e+06
3.419598000000000000e+06 4.859618000000000000e+06
3.419598000000000000e+06 4.879618000000000000e+06
3.419598000000000000e+06 4.899618000000000000e+06
3.419598000000000000e+06 4.919618000000000000e+06
3.419598000000000000e+06 4.939618000000000000e+06
3.419598000000000000e+06 4.959618000000000000e+06
3.419598000000000000e+06 4.979618000000000000e+06
3.419598000000000000e+06 4.999618000000000000e+06
3.419598000000000000e+06 5.019618000000000000e+06
3.419598000000000000e+06 5.039618000000000000e+06
3.419598000000000000e+06 5.059618000000000000e+06
3.419598000000000000e+06 5.079618000000000000e+06
3.419598000000000000e+06 5.099618000000000000e+06
3.419598000000000000e+06 5.119618000000000000e+06
3.419598000000000000e+06 5.139618000000000000e+06
3.419598000000000000e+06 5.159618000000000000e+06
3.419598000000000000e+06 5.179618000000000000e+06
3.419598000000000000e+06 5.199618000000000000e+06
3.419598000000000000e+06 5.219618000000000000e+06
3.419598000000000000e+06 5.239618000000000000e+06
3.419598000000000000e+06 5.259618000000000000e+06
3.419598000000000000e+06 5.279618000000000000e+06
3.419598000000000000e+06 5.299618000000000000e+06
3.419598000000000000e+06 5.319618000000000000e+06
3.419598000000000000e+06 5.339618000000000000e+06
3.419598000000000000e+06 5.359618000000000000e+06
3.419598000000000000e+06 5.379618000000000000e+06
3.419598000000000000e+06 5.399618000000000000e+06
3.419598000000000000e+06 5.419618000000000000e+06
3.419598000000000000e+06 5.439618000000000000e+06
3.419598000000000000e+06 5.459618000000000000e+06
3.419598000000000000e+06 5.479618000000000000e+06
3.419598000000000000e+06 5.499618000000000000e+06
3.419598000000000000e+06 5.519618000000000000e+06
3.419598000000000000e+06 5.539618000000000000e+06
3.419598000000000000e+06 5.559618000000000000e+06
3.419598000000000000e+06 5.579618000000000000e+06
3.419598000000000000e+06 5.599618000000000000e+06
3.439598000000000000e+06 4.799618000000000000e+06
3.439598000000000000e+06 4.819618000000000000e+06
3.439598000000000000e+06 4.839618000000000000e+06
3.439598000000000000e+06 4.859618000000000000e+06
3.439598000000000000e+06 4.879618000000000000e+06
3.439598000000000000e+06 4.899618000000000000e+06
3.439598000000000000e+06 4.919618000000000000e+06
3.439598000000000000e+06 4.939618000000000000e+06
3.439598000000000000e+06 4.959618000000000000e+06
3.439598000000000000e+06 4.979618000000000000e+06
3.439598000000000000e+06 4.999618000000000000e+06
3.439598000000000000e+06 5.019618000000000000e+06
3.439598000000000000e+06 5.039618000000000000e+06
3.439598000000000000e+06 5.059618000000000000e+06
3.439598000000000000e+06 5.079618000000000000e+06
3.439598000000000000e+06 5.099618000000000000e+06
3.439598000000000000e+06 5.119618000000000000e+06
3.439598000000000000e+06 5.139618000000000000e+06
3.439598000000000000e+06 5.159618000000000000e+06
3.439598000000000000e+06 5.179618000000000000e+06
3.439598000000000000e+06 5.199618000000000000e+06
3.439598000000000000e+06 5.219618000000000000e+06
3.439598000000000000e+06 5.239618000000000000e+06
3.439598000000000000e+06 5.259618000000000000e+06
3.439598000000000000e+06 5.279618000000000000e+06
3.439598000000000000e+06 5.299618000000000000e+06
3.439598000000000000e+06 5.319618000000000000e+06
3.439598000000000000e+06 5.339618000000000000e+06
3.439598000000000000e+06 5.359618000000000000e+06
3.439598000000000000e+06 5.379618000000000000e+06
3.439598000000000000e+06 5.399618000000000000e+06
3.439598000000000000e+06 5.419618000000000000e+06
3.439598000000000000e+06 5.439618000000000000e+06
3.439598000000000000e+06 5.459618000000000000e+06
3.439598000000000000e+06 5.479618000000000000e+06
3.439598000000000000e+06 5.499618000000000000e+06
3.439598000000000000e+06 5.519618000000000000e+06
3.439598000000000000e+06 5.539618000000000000e+06
3.439598000000000000e+06 5.559618000000000000e+06
3.439598000000000000e+06 5.579618000000000000e+06
3.439598000000000000e+06 5.599618000000000000e+06
3.459598000000000000e+06 4.799618000000000000e+06
3.459598000000000000e+06 4.819618000000000000e+06
3.459598000000000000e+06 4.839618000000000000e+06
3.459598000000000000e+06 4.859618000000000000e+06
3.459598000000000000e+06 4.879618000000000000e+06
3.459598000000000000e+06 4.899618000000000000e+06
3.459598000000000000e+06 4.919618000000000000e+06
3.459598000000000000e+06 4.939618000000000000e+06
3.459598000000000000e+06 4.959618000000000000e+06
3.459598000000000000e+06 4.979618000000000000e+06
3.459598000000000000e+06 4.999618000000000000e+06
3.459598000000000000e+06 5.019618000000000000e+06
3.459598000000000000e+06 5.039618000000000000e+06
3.459598000000000000e+06 5.059618000000000000e+06
3.459598000000000000e+06 5.079618000000000000e+06
3.459598000000000000e+06 5.099618000000000000e+06
3.459598000000000000e+06 5.119618000000000000e+06
3.459598000000000000e+06 5.139618000000000000e+06
3.459598000000000000e+06 5.159618000000000000e+06
3.459598000000000000e+06 5.179618000000000000e+06
3.459598000000000000e+06 5.199618000000000000e+06
3.459598000000000000e+06 5.219618000000000000e+06
3.459598000000000000e+06 5.239618000000000000e+06
3.459598000000000000e+06 5.259618000000000000e+06
3.459598000000000000e+06 5.279618000000000000e+06
3.459598000000000000e+06 5.299618000000000000e+06
3.459598000000000000e+06 5.319618000000000000e+06
3.459598000000000000e+06 5.339618000000000000e+06
3.459598000000000000e+06 5.359618000000000000e+06
3.459598000000000000e+06 5.379618000000000000e+06
3.459598000000000000e+06 5.399618000000000000e+06
3.459598000000000000e+06 5.419618000000000000e+06
3.459598000000000000e+06 5.439618000000000000e+06
3.459598000000000000e+06 5.459618000000000000e+06
3.459598000000000000e+06 5.479618000000000000e+06
3.459598000000000000e+06 5.499618000000000000e+06
3.459598000000000000e+06 5.519618000000000000e+06
3.459598000000000000e+06 5.539618000000000000e+06
3.459598000000000000e+06 5.559618000000000000e+06
3.459598000000000000e+06 5.579618000000000000e+06
3.459598000000000000e+06 5.599618000000000000e+06
3.479598000000000000e+06 4.799618000000000000e+06
3.479598000000000000e+06 4.819618000000000000e+06
3.479598000000000000e+06 4.839618000000000000e+06
3.479598000000000000e+06 4.859618000000000000e+06
3.479598000000000000e+06 4.879618000000000000e+06
3.479598000000000000e+06 4.899618000000000000e+06
3.479598000000000000e+06 4.919618000000000000e+06
3.479598000000000000e+06 4.939618000000000000e+06
3.479598000000000000e+06 4.959618000000000000e+06
3.479598000000000000e+06 4.979618000000000000e+06
3.479598000000000000e+06 4.999618000000000000e+06
3.479598000000000000e+06 5.019618000000000000e+06
3.479598000000000000e+06 5.039618000000000000e+06
3.479598000000000000e+06 5.059618000000000000e+06
3.479598000000000000e+06 5.079618000000000000e+06
3.479598000000000000e+06 5.099618000000000000e+06
3.479598000000000000e+06 5.119618000000000000e+06
3.479598000000000000e+06 5.139618000000000000e+06
3.479598000000000000e+06 5.159618000000000000e+06
3.479598000000000000e+06 5.179618000000000000e+06
3.479598000000000000e+06 5.199618000000000000e+06
3.479598000000000000e+06 5.219618000000000000e+06
3.479598000000000000e+06 5.239618000000000000e+06
3.479598000000000000e+06 5.259618000000000000e+06
3.479598000000000000e+06 5.279618000000000000e+06
3.479598000000000000e+06 5.299618000000000000e+06
3.479598000000000000e+06 5.319618000000000000e+06
3.479598000000000000e+06 5.339618000000000000e+06
3.479598000000000000e+06 5.359618000000000000e+06
3.479598000000000000e+06 5.379618000000000000e+06
3.479598000000000000e+06 5.399618000000000000e+06
3.479598000000000000e+06 5.419618000000000000e+06
3.479598000000000000e+06 5.439618000000000000e+06
3.479598000000000000e+06 5.459618000000000000e+06
3.479598000000000000e+06 5.479618000000000000e+06
3.479598000000000000e+06 5.499618000000000000e+06
3.479598000000000000e+06 5.519618000000000000e+06
3.479598000000000000e+06 5.539618000000000000e+06
3.479598000000000000e+06 5.559618000000000000e+06
3.479598000000000000e+06 5.579618000000000000e+06
3.479598000000000000e+06 5.599618000000000000e+06
3.499598000000000000e+06 4.799618000000000000e+06
3.499598000000000000e+06 4.819618000000000000e+06
3.499598000000000000e+06 4.839618000000000000e+06
3.499598000000000000e+06 4.859618000000000000e+06
3.499598000000000000e+06 4.879618000000000000e+06
3.499598000000000000e+06 4.899618000000000000e+06
3.499598000000000000e+06 4.919618000000000000e+06
3.499598000000000000e+06 4.939618000000000000e+06
3.499598000000000000e+06 4.959618000000000000e+06
3.499598000000000000e+06 4.979618000000000000e+06
3.499598000000000000e+06 4.999618000000000000e+06
3.499598000000000000e+06 5.019618000000000000e+06
3.499598000000000000e+06 5.039618000000000000e+06
3.499598000000000000e+06 5.059618000000000000e+06
3.499598000000000000e+06 5.079618000000000000e+06
3.499598000000000000e+06 5.099618000000000000e+06
3.499598000000000000e+06 5.119618000000000000e+06
3.499598000000000000e+06 5.139618000000000000e+06
3.499598000000000000e+06 5.159618000000000000e+06
3.499598000000000000e+06 5.179618000000000000e+06
3.499598000000000000e+06 5.199618000000000000e+06
3.499598000000000000e+06 5.219618000000000000e+06
3.499598000000000000e+06 5.239618000000000000e+06
3.499598000000000000e+06 5.259618000000000000e+06
3.499598000000000000e+06 5.279618000000000000e+06
3.499598000000000000e+06 5.299618000000000000e+06
3.499598000000000000e+06 5.319618000000000000e+06
3.499598000000000000e+06 5.339618000000000000e+06
3.499598000000000000e+06 5.359618000000000000e+06
3.499598000000000000e+06 5.379618000000000000e+06
3.499598000000000000e+06 5.399618000000000000e+06
3.499598000000000000e+06 5.419618000000000000e+06
3.499598000000000000e+06 5.439618000000000000e+06
3.499598000000000000e+06 5.459618000000000000e+06
3.499598000000000000e+06 5.479618000000000000e+06
3.499598000000000000e+06 5.499618000000000000e+06
3.499598000000000000e+06 5.519618000000000000e+06
3.499598000000000000e+06 5.539618000000000000e+06
3.499598000000000000e+06 5.559618000000000000e+06
3.499598000000000000e+06 5.579618000000000000e+06
3.499598000000000000e+06 5.599618000000000000e+06
3.519598000000000000e+06 4.799618000000000000e+06
3.519598000000000000e+06 4.819618000000000000e+06
3.519598000000000000e+06 4.839618000000000000e+06
3.519598000000000000e+06 4.859618000000000000e+06
3.519598000000000000e+06 4.879618000000000000e+06
3.519598000000000000e+06 4.899618000000000000e+06
3.519598000000000000e+06 4.919618000000000000e+06
3.519598000000000000e+06 4.939618000000000000e+06
3.519598000000000000e+06 4.959618000000000000e+06
3.519598000000000000e+06 4.979618000000000000e+06
3.519598000000000000e+06 4.999618000000000000e+06
3.519598000000000000e+06 5.019618000000000000e+06
3.519598000000000000e+06 5.039618000000000000e+06
3.519598000000000000e+06 5.059618000000000000e+06
3.519598000000000000e+06 5.079618000000000000e+06
3.519598000000000000e+06 5.099618000000000000e+06
3.519598000000000000e+06 5.119618000000000000e+06
3.519598000000000000e+06 5.139618000000000000e+06
3.519598000000000000e+06 5.159618000000000000e+06
3.519598000000000000e+06 5.179618000000000000e+06
3.519598000000000000e+06 5.199618000000000000e+06
3.519598000000000000e+06 5.219618000000000000e+06
3.519598000000000000e+06 5.239618000000000000e+06
3.519598000000000000e+06 5.259618000000000000e+06
3.519598000000000000e+06 5.279618000000000000e+06
3.519598000000000000e+06 5.299618000000000000e+06
3.519598000000000000e+06 5.319618000000000000e+06
3.519598000000000000e+06 5.339618000000000000e+06
3.519598000000000000e+06 5.359618000000000000e+06
3.519598000000000000e+06 5.379618000000000000e+06
3.519598000000000000e+06 5.399618000000000000e+06
3.519598000000000000e+06 5.419618000000000000e+06
3.519598000000000000e+06 5.439618000000000000e+06
3.519598000000000000e+06 5.459618000000000000e+06
3.519598000000000000e+06 5.479618000000000000e+06
3.519598000000000000e+06 5.499618000000000000e+06
3.519598000000000000e+06 5.519618000000000000e+06
3.519598000000000000e+06 5.539618000000000000e+06
3.519598000000000000e+06 5.559618000000000000e+06
3.519598000000000000e+06 5.579618000000000000e+06
3.519598000000000000e+06 5.599618000000000000e+06
3.539598000000000000e+06 4.799618000000000000e+06
3.539598000000000000e+06 4.819618000000000000e+06
3.539598000000000000e+06 4.839618000000000000e+06
3.539598000000000000e+06 4.859618000000000000e+06
3.539598000000000000e+06 4.879618000000000000e+06
3.539598000000000000e+06 4.899618000000000000e+06
3.539598000000000000e+06 4.919618000000000000e+06
3.539598000000000000e+06 4.939618000000000000e+06
3.539598000000000000e+06 4.959618000000000000e+06
3.539598000000000000e+06 4.979618000000000000e+06
3.539598000000000000e+06 4.999618000000000000e+06
3.539598000000000000e+06 5.019618000000000000e+06
3.539598000000000000e+06 5.039618000000000000e+06
3.539598000000000000e+06 5.059618000000000000e+06
3.539598000000000000e+06 5.079618000000000000e+06
3.539598000000000000e+06 5.099618000000000000e+06
3.539598000000000000e+06 5.119618000000000000e+06
3.539598000000000000e+06 5.139618000000000000e+06
3.539598000000000000e+06 5.159618000000000000e+06
3.539598000000000000e+06 5.179618000000000000e+06
3.539598000000000000e+06 5.199618000000000000e+06
3.539598000000000000e+06 5.219618000000000000e+06
3.539598000000000000e+06 5.239618000000000000e+06
3.539598000000000000e+06 5.259618000000000000e+06
3.539598000000000000e+06 5.279618000000000000e+06
3.539598000000000000e+06 5.299618000000000000e+06
3.539598000000000000e+06 5.319618000000000000e+06
3.539598000000000000e+06 5.339618000000000000e+06
3.539598000000000000e+06 5.359618000000000000e+06
3.539598000000000000e+06 5.379618000000000000e+06
3.539598000000000000e+06 5.399618000000000000e+06
3.539598000000000000e+06 5.419618000000000000e+06
3.539598000000000000e+06 5.439618000000000000e+06
3.539598000000000000e+06 5.459618000000000000e+06
3.539598000000000000e+06 5.479618000000000000e+06
3.539598000000000000e+06 5.499618000000000000e+06
3.539598000000000000e+06 5.519618000000000000e+06
3.539598000000000000e+06 5.539618000000000000e+06
3.539598000000000000e+06 5.559618000000000000e+06
3.539598000000000000e+06 5.579618000000000000e+06
3.539598000000000000e+06 5.599618000000000000e+06
3.559598000000000000e+06 4.799618000000000000e+06
3.559598000000000000e+06 4.819618000000000000e+06
3.559598000000000000e+06 4.839618000000000000e+06
3.559598000000000000e+06 4.859618000000000000e+06
3.559598000000000000e+06 4.879618000000000000e+06
3.559598000000000000e+06 4.899618000000000000e+06
3.559598000000000000e+06 4.919618000000000000e+06
3.559598000000000000e+06 4.939618000000000000e+06
3.559598000000000000e+06 4.959618000000000000e+06
3.559598000000000000e+06 4.979618000000000000e+06
3.559598000000000000e+06 4.999618000000000000e+06
3.559598000000000000e+06 5.019618000000000000e+06
3.559598000000000000e+06 5.039618000000000000e+06
3.559598000000000000e+06 5.059618000000000000e+06
3.559598000000000000e+06 5.079618000000000000e+06
3.559598000000000000e+06 5.099618000000000000e+06
3.559598000000000000e+06 5.119618000000000000e+06
3.559598000000000000e+06 5.139618000000000000e+06
3.559598000000000000e+06 5.159618000000000000e+06
3.559598000000000000e+06 5.179618000000000000e+06
3.559598000000000000e+06 5.199618000000000000e+06
3.559598000000000000e+06 5.219618000000000000e+06
3.559598000000000000e+06 5.239618000000000000e+06
3.559598000000000000e+06 5.259618000000000000e+06
3.559598000000000000e+06 5.279618000000000000e+06
3.559598000000000000e+06 5.299618000000000000e+06
3.559598000000000000e+06 5.319618000000000000e+06
3.559598000000000000e+06 5.339618000000000000e+06
3.559598000000000000e+06 5.359618000000000000e+06
3.559598000000000000e+06 5.379618000000000000e+06
3.559598000000000000e+06 5.399618000000000000e+06
3.559598000000000000e+06 5.419618000000000000e+06
3.559598000000000000e+06 5.439618000000000000e+06
3.559598000000000000e+06 5.459618000000000000e+06
3.559598000000000000e+06 5.479618000000000000e+06
3.559598000000000000e+06 5.499618000000000000e+06
3.559598000000000000e+06 5.519618000000000000e+06
3.559598000000000000e+06 5.539618000000000000e+06
3.559598000000000000e+06 5.559618000000000000e+06
3.559598000000000000e+06 5.579618000000000000e+06
3.559598000000000000e+06 5.599618000000000000e+06
3.579598000000000000e+06 4.799618000000000000e+06
3.579598000000000000e+06 4.819618000000000000e+06
3.579598000000000000e+06 4.839618000000000000e+06
3.579598000000000000e+06 4.859618000000000000e+06
3.579598000000000000e+06 4.879618000000000000e+06
3.579598000000000000e+06 4.899618000000000000e+06
3.579598000000000000e+06 4.919618000000000000e+06
3.579598000000000000e+06 4.939618000000000000e+06
3.579598000000000000e+06 4.959618000000000000e+06
3.579598000000000000e+06 4.979618000000000000e+06
3.579598000000000000e+06 4.999618000000000000e+06
3.579598000000000000e+06 5.019618000000000000e+06
3.579598000000000000e+06 5.039618000000000000e+06
3.579598000000000000e+06 5.059618000000000000e+06
3.579598000000000000e+06 5.079618000000000000e+06
3.579598000000000000e+06 5.099618000000000000e+06
3.579598000000000000e+06 5.119618000000000000e+06
3.579598000000000000e+06 5.139618000000000000e+06
3.579598000000000000e+06 5.159618000000000000e+06
3.579598000000000000e+06 5.179618000000000000e+06
3.579598000000000000e+06 5.199618000000000000e+06
3.579598000000000000e+06 5.219618000000000000e+06
3.579598000000000000e+06 5.239618000000000000e+06
3.579598000000000000e+06 5.259618000000000000e+06
3.579598000000000000e+06 5.279618000000000000e+06
3.579598000000000000e+06 5.299618000000000000e+06
3.579598000000000000e+06 5.319618000000000000e+06
3.579598000000000000e+06 5.339618000000000000e+06
3.579598000000000000e+06 5.359618000000000000e+06
3.579598000000000000e+06 5.379618000000000000e+06
3.579598000000000000e+06 5.399618000000000000e+06
3.579598000000000000e+06 5.419618000000000000e+06
3.579598000000000000e+06 5.439618000000000000e+06
3.579598000000000000e+06 5.459618000000000000e+06
3.579598000000000000e+06 5.479618000000000000e+06
3.579598000000000000e+06 5.499618000000000000e+06
3.579598000000000000e+06 5.519618000000000000e+06
3.579598000000000000e+06 5.539618000000000000e+06
3.579598000000000000e+06 5.559618000000000000e+06
3.579598000000000000e+06 5.579618000000000000e+06
3.579598000000000000e+06 5.599618000000000000e+06
3.599598000000000000e+06 4.799618000000000000e+06
3.599598000000000000e+06 4.819618000000000000e+06
3.599598000000000000e+06 4.839618000000000000e+06
3.599598000000000000e+06 4.859618000000000000e+06
3.599598000000000000e+06 4.879618000000000000e+06
3.599598000000000000e+06 4.899618000000000000e+06
3.599598000000000000e+06 4.919618000000000000e+06
3.599598000000000000e+06 4.939618000000000000e+06
3.599598000000000000e+06 4.959618000000000000e+06
3.599598000000000000e+06 4.979618000000000000e+06
3.599598000000000000e+06 4.999618000000000000e+06
3.599598000000000000e+06 5.019618000000000000e+06
3.599598000000000000e+06 5.039618000000000000e+06
3.599598000000000000e+06 5.059618000000000000e+06
3.599598000000000000e+06 5.079618000000000000e+06
3.599598000000000000e+06 5.099618000000000000e+06
3.599598000000000000e+06 5.119618000000000000e+06
3.599598000000000000e+06 5.139618000000000000e+06
3.599598000000000000e+06 5.159618000000000000e+06
3.599598000000000000e+06 5.179618000000000000e+06
3.599598000000000000e+06 5.199618000000000000e+06
3.599598000000000000e+06 5.219618000000000000e+06
3.599598000000000000e+06 5.239618000000000000e+06
3.599598000000000000e+06 5.259618000000000000e+06
3.599598000000000000e+06 5.279618000000000000e+06
3.599598000000000000e+06 5.299618000000000000e+06
3.599598000000000000e+06 5.319618000000000000e+06
3.599598000000000000e+06 5.339618000000000000e+06
3.599598000000000000e+06 5.359618000000000000e+06
3.599598000000000000e+06 5.379618000000000000e+06
3.599598000000000000e+06 5.399618000000000000e+06
3.599598000000000000e+06 5.419618000000000000e+06
3.599598000000000000e+06 5.439618000000000000e+06
3.599598000000000000e+06 5.459618000000000000e+06
3.599598000000000000e+06 5.479618000000000000e+06
3.599598000000000000e+06 5.499618000000000000e+06
3.599598000000000000e+06 5.519618000000000000e+06
3.599598000000000000e+06 5.539618000000000000e+06
3.599598000000000000e+06 5.559618000000000000e+06
3.599598000000000000e+06 5.579618000000000000e+06
3.599598000000000000e+06 5.599618000000000000e+06
3.619598000000000000e+06 4.799618000000000000e+06
3.619598000000000000e+06 4.819618000000000000e+06
3.619598000000000000e+06 4.839618000000000000e+06
3.619598000000000000e+06 4.859618000000000000e+06
3.619598000000000000e+06 4.879618000000000000e+06
3.619598000000000000e+06 4.899618000000000000e+06
3.619598000000000000e+06 4.919618000000000000e+06
3.619598000000000000e+06 4.939618000000000000e+06
3.619598000000000000e+06 4.959618000000000000e+06
3.619598000000000000e+06 4.979618000000000000e+06
3.619598000000000000e+06 4.999618000000000000e+06
3.619598000000000000e+06 5.019618000000000000e+06
3.619598000000000000e+06 5.039618000000000000e+06
3.619598000000000000e+06 5.059618000000000000e+06
3.619598000000000000e+06 5.079618000000000000e+06
3.619598000000000000e+06 5.099618000000000000e+06
3.619598000000000000e+06 5.119618000000000000e+06
3.619598000000000000e+06 5.139618000000000000e+06
3.619598000000000000e+06 5.159618000000000000e+06
3.619598000000000000e+06 5.179618000000000000e+06
3.619598000000000000e+06 5.199618000000000000e+06
3.619598000000000000e+06 5.219618000000000000e+06
3.619598000000000000e+06 5.239618000000000000e+06
3.619598000000000000e+06 5.259618000000000000e+06
3.619598000000000000e+06 5.279618000000000000e+06
3.619598000000000000e+06 5.299618000000000000e+06
3.619598000000000000e+06 5.319618000000000000e+06
3.619598000000000000e+06 5.339618000000000000e+06
3.619598000000000000e+06 5.359618000000000000e+06
3.619598000000000000e+06 5.379618000000000000e+06
3.619598000000000000e+06 5.399618000000000000e+06
3.619598000000000000e+06 5.419618000000000000e+06
3.619598000000000000e+06 5.439618000000000000e+06
3.619598000000000000e+06 5.459618000000000000e+06
3.619598000000000000e+06 5.479618000000000000e+06
3.619598000000000000e+06 5.499618000000000000e+06
3.619598000000000000e+06 5.519618000000000000e+06
3.619598000000000000e+06 5.539618000000000000e+06
3.619598000000000000e+06 5.559618000000000000e+06
3.619598000000000000e+06 5.579618000000000000e+06
3.619598000000000000e+06 5.599618000000000000e+06
3.639598000000000000e+06 4.799618000000000000e+06
3.639598000000000000e+06 4.819618000000000000e+06
3.639598000000000000e+06 4.839618000000000000e+06
3.639598000000000000e+06 4.859618000000000000e+06
3.639598000000000000e+06 4.879618000000000000e+06
3.639598000000000000e+06 4.899618000000000000e+06
3.639598000000000000e+06 4.919618000000000000e+06
3.639598000000000000e+06 4.939618000000000000e+06
3.639598000000000000e+06 4.959618000000000000e+06
3.639598000000000000e+06 4.979618000000000000e+06
3.639598000000000000e+06 4.999618000000000000e+06
3.639598000000000000e+06 5.019618000000000000e+06
3.639598000000000000e+06 5.039618000000000000e+06
3.639598000000000000e+06 5.059618000000000000e+06
3.639598000000000000e+06 5.079618000000000000e+06
3.639598000000000000e+06 5.099618000000000000e+06
3.639598000000000000e+06 5.119618000000000000e+06
3.639598000000000000e+06 5.139618000000000000e+06
3.639598000000000000e+06 5.159618000000000000e+06
3.639598000000000000e+06 5.179618000000000000e+06
3.639598000000000000e+06 5.199618000000000000e+06
3.639598000000000000e+06 5.219618000000000000e+06
3.639598000000000000e+06 5.239618000000000000e+06
3.639598000000000000e+06 5.259618000000000000e+06
3.639598000000000000e+06 5.279618000000000000e+06
3.639598000000000000e+06 5.299618000000000000e+06
3.639598000000000000e+06 5.319618000000000000e+06
3.639598000000000000e+06 5.339618000000000000e+06
3.639598000000000000e+06 5.359618000000000000e+06
3.639598000000000000e+06 5.379618000000000000e+06
3.639598000000000000e+06 5.399618000000000000e+06
3.639598000000000000e+06 5.419618000000000000e+06
3.639598000000000000e+06 5.439618000000000000e+06
3.639598000000000000e+06 5.459618000000000000e+06
3.639598000000000000e+06 5.479618000000000000e+06
3.639598000000000000e+06 5.499618000000000000e+06
3.639598000000000000e+06 5.519618000000000000e+06
3.639598000000000000e+06 5.539618000000000000e+06
3.639598000000000000e+06 5.559618000000000000e+06
3.639598000000000000e+06 5.579618000000000000e+06
3.639598000000000000e+06 5.599618000000000000e+06
3.659598000000000000e+06 4.799618000000000000e+06
3.659598000000000000e+06 4.819618000000000000e+06
3.659598000000000000e+06 4.839618000000000000e+06
3.659598000000000000e+06 4.859618000000000000e+06
3.659598000000000000e+06 4.879618000000000000e+06
3.659598000000000000e+06 4.899618000000000000e+06
3.659598000000000000e+06 4.919618000000000000e+06
3.659598000000000000e+06 4.939618000000000000e+06
3.659598000000000000e+06 4.959618000000000000e+06
3.659598000000000000e+06 4.979618000000000000e+06
3.659598000000000000e+06 4.999618000000000000e+06
3.659598000000000000e+06 5.019618000000000000e+06
3.659598000000000000e+06 5.039618000000000000e+06
3.659598000000000000e+06 5.059618000000000000e+06
3.659598000000000000e+06 5.079618000000000000e+06
3.659598000000000000e+06 5.099618000000000000e+06
3.659598000000000000e+06 5.119618000000000000e+06
3.659598000000000000e+06 5.139618000000000000e+06
3.659598000000000000e+06 5.159618000000000000e+06
3.659598000000000000e+06 5.179618000000000000e+06
3.659598000000000000e+06 5.199618000000000000e+06
3.659598000000000000e+06 5.219618000000000000e+06
3.659598000000000000e+06 5.239618000000000000e+06
3.659598000000000000e+06 5.259618000000000000e+06
3.659598000000000000e+06 5.279618000000000000e+06
3.659598000000000000e+06 5.299618000000000000e+06
3.659598000000000000e+06 5.319618000000000000e+06
3.659598000000000000e+06 5.339618000000000000e+06
3.659598000000000000e+06 5.359618000000000000e+06
3.659598000000000000e+06 5.379618000000000000e+06
3.659598000000000000e+06 5.399618000000000000e+06
3.659598000000000000e+06 5.419618000000000000e+06
3.659598000000000000e+06 5.439618000000000000e+06
3.659598000000000000e+06 5.459618000000000000e+06
3.659598000000000000e+06 5.479618000000000000e+06
3.659598000000000000e+06 5.499618000000000000e+06
3.659598000000000000e+06 5.519618000000000000e+06
3.659598000000000000e+06 5.539618000000000000e+06
3.659598000000000000e+06 5.559618000000000000e+06
3.659598000000000000e+06 5.579618000000000000e+06
3.659598000000000000e+06 5.599618000000000000e+06
3.679598000000000000e+06 4.799618000000000000e+06
3.679598000000000000e+06 4.819618000000000000e+06
3.679598000000000000e+06 4.839618000000000000e+06
3.679598000000000000e+06 4.859618000000000000e+06
3.679598000000000000e+06 4.879618000000000000e+06
3.679598000000000000e+06 4.899618000000000000e+06
3.679598000000000000e+06 4.919618000000000000e+06
3.679598000000000000e+06 4.939618000000000000e+06
3.679598000000000000e+06 4.959618000000000000e+06
3.679598000000000000e+06 4.979618000000000000e+06
3.679598000000000000e+06 4.999618000000000000e+06
3.679598000000000000e+06 5.019618000000000000e+06
3.679598000000000000e+06 5.039618000000000000e+06
3.679598000000000000e+06 5.059618000000000000e+06
3.679598000000000000e+06 5.079618000000000000e+06
3.679598000000000000e+06 5.099618000000000000e+06
3.679598000000000000e+06 5.119618000000000000e+06
3.679598000000000000e+06 5.139618000000000000e+06
3.679598000000000000e+06 5.159618000000000000e+06
3.679598000000000000e+06 5.179618000000000000e+06
3.679598000000000000e+06 5.199618000000000000e+06
3.679598000000000000e+06 5.219618000000000000e+06
3.679598000000000000e+06 5.239618000000000000e+06
3.679598000000000000e+06 5.259618000000000000e+06
3.679598000000000000e+06 5.279618000000000000e+06
3.679598000000000000e+06 5.299618000000000000e+06
3.679598000000000000e+06 5.319618000000000000e+06
3.679598000000000000e+06 5.339618000000000000e+06
3.679598000000000000e+06 5.359618000000000000e+06
3.679598000000000000e+06 5.379618000000000000e+06
3.679598000000000000e+06 5.399618000000000000e+06
3.679598000000000000e+06 5.419618000000000000e+06
3.679598000000000000e+06 5.439618000000000000e+06
3.679598000000000000e+06 5.459618000000000000e+06
3.679598000000000000e+06 5.479618000000000000e+06
3.679598000000000000e+06 5.499618000000000000e+06
3.679598000000000000e+06 5.519618000000000000e+06
3.679598000000000000e+06 5.539618000000000000e+06
3.679598000000000000e+06 5.559618000000000000e+06
3.679598000000000000e+06 5.579618000000000000e+06
3.679598000000000000e+06 5.599618000000000000e+06
3.699598000000000000e+06 4.799618000000000000e+06
3.699598000000000000e+06 4.819618000000000000e+06
3.699598000000000000e+06 4.839618000000000000e+06
3.699598000000000000e+06 4.859618000000000000e+06
3.699598000000000000e+06 4.879618000000000000e+06
3.699598000000000000e+06 4.899618000000000000e+06
3.699598000000000000e+06 4.919618000000000000e+06
3.699598000000000000e+06 4.939618000000000000e+06
3.699598000000000000e+06 4.959618000000000000e+06
3.699598000000000000e+06 4.979618000000000000e+06
3.699598000000000000e+06 4.999618000000000000e+06
3.699598000000000000e+06 5.019618000000000000e+06
3.699598000000000000e+06 5.039618000000000000e+06
3.699598000000000000e+06 5.059618000000000000e+06
3.699598000000000000e+06 5.079618000000000000e+06
3.699598000000000000e+06 5.099618000000000000e+06
3.699598000000000000e+06 5.119618000000000000e+06
3.699598000000000000e+06 5.139618000000000000e+06
3.699598000000000000e+06 5.159618000000000000e+06
3.699598000000000000e+06 5.179618000000000000e+06
3.699598000000000000e+06 5.199618000000000000e+06
3.699598000000000000e+06 5.219618000000000000e+06
3.699598000000000000e+06 5.239618000000000000e+06
3.699598000000000000e+06 5.259618000000000000e+06
3.699598000000000000e+06 5.279618000000000000e+06
3.699598000000000000e+06 5.299618000000000000e+06
3.699598000000000000e+06 5.319618000000000000e+06
3.699598000000000000e+06 5.339618000000000000e+06
3.699598000000000000e+06 5.359618000000000000e+06
3.699598000000000000e+06 5.379618000000000000e+06
3.699598000000000000e+06 5.399618000000000000e+06
3.699598000000000000e+06 5.419618000000000000e+06
3.699598000000000000e+06 5.439618000000000000e+06
3.699598000000000000e+06 5.459618000000000000e+06
3.699598000000000000e+06 5.479618000000000000e+06
3.699598000000000000e+06 5.499618000000000000e+06
3.699598000000000000e+06 5.519618000000000000e+06
3.699598000000000000e+06 5.539618000000000000e+06
3.699598000000000000e+06 5.559618000000000000e+06
3.699598000000000000e+06 5.579618000000000000e+06
3.699598000000000000e+06 5.599618000000000000e+06
3.719598000000000000e+06 4.799618000000000000e+06
3.719598000000000000e+06 4.819618000000000000e+06
3.719598000000000000e+06 4.839618000000000000e+06
3.719598000000000000e+06 4.859618000000000000e+06
3.719598000000000000e+06 4.879618000000000000e+06
3.719598000000000000e+06 4.899618000000000000e+06
3.719598000000000000e+06 4.919618000000000000e+06
3.719598000000000000e+06 4.939618000000000000e+06
3.719598000000000000e+06 4.959618000000000000e+06
3.719598000000000000e+06 4.979618000000000000e+06
3.719598000000000000e+06 4.999618000000000000e+06
3.719598000000000000e+06 5.019618000000000000e+06
3.719598000000000000e+06 5.039618000000000000e+06
3.719598000000000000e+06 5.059618000000000000e+06
3.719598000000000000e+06 5.079618000000000000e+06
3.719598000000000000e+06 5.099618000000000000e+06
3.719598000000000000e+06 5.119618000000000000e+06
3.719598000000000000e+06 5.139618000000000000e+06
3.719598000000000000e+06 5.159618000000000000e+06
3.719598000000000000e+06 5.179618000000000000e+06
3.719598000000000000e+06 5.199618000000000000e+06
3.719598000000000000e+06 5.219618000000000000e+06
3.719598000000000000e+06 5.239618000000000000e+06
3.719598000000000000e+06 5.259618000000000000e+06
3.719598000000000000e+06 5.279618000000000000e+06
3.719598000000000000e+06 5.299618000000000000e+06
3.719598000000000000e+06 5.319618000000000000e+06
3.719598000000000000e+06 5.339618000000000000e+06
3.719598000000000000e+06 5.359618000000000000e+06
3.719598000000000000e+06 5.379618000000000000e+06
3.719598000000000000e+06 5.399618000000000000e+06
3.719598000000000000e+06 5.419618000000000000e+06
3.719598000000000000e+06 5.439618000000000000e+06
3.719598000000000000e+06 5.459618000000000000e+06
3.719598000000000000e+06 5.479618000000000000e+06
3.719598000000000000e+06 5.499618000000000000e+06
3.719598000000000000e+06 5.519618000000000000e+06
3.719598000000000000e+06 5.539618000000000000e+06
3.719598000000000000e+06 5.559618000000000000e+06
3.719598000000000000e+06 5.579618000000000000e+06
3.719598000000000000e+06 5.599618000000000000e+06
3.739598000000000000e+06 4.799618000000000000e+06
3.739598000000000000e+06 4.819618000000000000e+06
3.739598000000000000e+06 4.839618000000000000e+06
3.739598000000000000e+06 4.859618000000000000e+06
3.739598000000000000e+06 4.879618000000000000e+06
3.739598000000000000e+06 4.899618000000000000e+06
3.739598000000000000e+06 4.919618000000000000e+06
3.739598000000000000e+06 4.939618000000000000e+06
3.739598000000000000e+06 4.959618000000000000e+06
3.739598000000000000e+06 4.979618000000000000e+06
3.739598000000000000e+06 4.999618000000000000e+06
3.739598000000000000e+06 5.019618000000000000e+06
3.739598000000000000e+06 5.039618000000000000e+06
3.739598000000000000e+06 5.059618000000000000e+06
3.739598000000000000e+06 5.079618000000000000e+06
3.739598000000000000e+06 5.099618000000000000e+06
3.739598000000000000e+06 5.119618000000000000e+06
3.739598000000000000e+06 5.139618000000000000e+06
3.739598000000000000e+06 5.159618000000000000e+06
3.739598000000000000e+06 5.179618000000000000e+06
3.739598000000000000e+06 5.199618000000000000e+06
3.739598000000000000e+06 5.219618000000000000e+06
3.739598000000000000e+06 5.239618000000000000e+06
3.739598000000000000e+06 5.259618000000000000e+06
3.739598000000000000e+06 5.279618000000000000e+06
3.739598000000000000e+06 5.299618000000000000e+06
3.739598000000000000e+06 5.319618000000000000e+06
3.739598000000000000e+06 5.339618000000000000e+06
3.739598000000000000e+06 5.359618000000000000e+06
3.739598000000000000e+06 5.379618000000000000e+06
3.739598000000000000e+06 5.399618000000000000e+06
3.739598000000000000e+06 5.419618000000000000e+06
3.739598000000000000e+06 5.439618000000000000e+06
3.739598000000000000e+06 5.459618000000000000e+06
3.739598000000000000e+06 5.479618000000000000e+06
3.739598000000000000e+06 5.499618000000000000e+06
3.739598000000000000e+06 5.519618000000000000e+06
3.739598000000000000e+06 5.539618000000000000e+06
3.739598000000000000e+06 5.559618000000000000e+06
3.739598000000000000e+06 5.579618000000000000e+06
3.739598000000000000e+06 5.599618000000000000e+06
3.759598000000000000e+06 4.799618000000000000e+06
3.759598000000000000e+06 4.819618000000000000e+06
3.759598000000000000e+06 4.839618000000000000e+06
3.759598000000000000e+06 4.859618000000000000e+06
3.759598000000000000e+06 4.879618000000000000e+06
3.759598000000000000e+06 4.899618000000000000e+06
3.759598000000000000e+06 4.919618000000000000e+06
3.759598000000000000e+06 4.939618000000000000e+06
3.759598000000000000e+06 4.959618000000000000e+06
3.759598000000000000e+06 4.979618000000000000e+06
3.759598000000000000e+06 4.999618000000000000e+06
3.759598000000000000e+06 5.019618000000000000e+06
3.759598000000000000e+06 5.039618000000000000e+06
3.759598000000000000e+06 5.059618000000000000e+06
3.759598000000000000e+06 5.079618000000000000e+06
3.759598000000000000e+06 5.099618000000000000e+06
3.759598000000000000e+06 5.119618000000000000e+06
3.759598000000000000e+06 5.139618000000000000e+06
3.759598000000000000e+06 5.159618000000000000e+06
3.759598000000000000e+06 5.179618000000000000e+06
3.759598000000000000e+06 5.199618000000000000e+06
3.759598000000000000e+06 5.219618000000000000e+06
3.759598000000000000e+06 5.239618000000000000e+06
3.759598000000000000e+06 5.259618000000000000e+06
3.759598000000000000e+06 5.279618000000000000e+06
3.759598000000000000e+06 5.299618000000000000e+06
3.759598000000000000e+06 5.319618000000000000e+06
3.759598000000000000e+06 5.339618000000000000e+06
3.759598000000000000e+06 5.359618000000000000e+06
3.759598000000000000e+06 5.379618000000000000e+06
3.759598000000000000e+06 5.399618000000000000e+06
3.759598000000000000e+06 5.419618000000000000e+06
3.759598000000000000e+06 5.439618000000000000e+06
3.759598000000000000e+06 5.459618000000000000e+06
3.759598000000000000e+06 5.479618000000000000e+06
3.759598000000000000e+06 5.499618000000000000e+06
3.759598000000000000e+06 5.519618000000000000e+06
3.759598000000000000e+06 5.539618000000000000e+06
3.759598000000000000e+06 5.559618000000000000e+06
3.759598000000000000e+06 5.579618000000000000e+06
3.759598000000000000e+06 5.599618000000000000e+06
3.779598000000000000e+06 4.799618000000000000e+06
3.779598000000000000e+06 4.819618000000000000e+06
3.779598000000000000e+06 4.839618000000000000e+06
3.779598000000000000e+06 4.859618000000000000e+06
3.779598000000000000e+06 4.879618000000000000e+06
3.779598000000000000e+06 4.899618000000000000e+06
3.779598000000000000e+06 4.919618000000000000e+06
3.779598000000000000e+06 4.939618000000000000e+06
3.779598000000000000e+06 4.959618000000000000e+06
3.779598000000000000e+06 4.979618000000000000e+06
3.779598000000000000e+06 4.999618000000000000e+06
3.779598000000000000e+06 5.019618000000000000e+06
3.779598000000000000e+06 5.039618000000000000e+06
3.779598000000000000e+06 5.059618000000000000e+06
3.779598000000000000e+06 5.079618000000000000e+06
3.779598000000000000e+06 5.099618000000000000e+06
3.779598000000000000e+06 5.119618000000000000e+06
3.779598000000000000e+06 5.139618000000000000e+06
3.779598000000000000e+06 5.159618000000000000e+06
3.779598000000000000e+06 5.179618000000000000e+06
3.779598000000000000e+06 5.199618000000000000e+06
3.779598000000000000e+06 5.219618000000000000e+06
3.779598000000000000e+06 5.239618000000000000e+06
3.779598000000000000e+06 5.259618000000000000e+06
3.779598000000000000e+06 5.279618000000000000e+06
3.779598000000000000e+06 5.299618000000000000e+06
3.779598000000000000e+06 5.319618000000000000e+06
3.779598000000000000e+06 5.339618000000000000e+06
3.779598000000000000e+06 5.359618000000000000e+06
3.779598000000000000e+06 5.379618000000000000e+06
3.779598000000000000e+06 5.399618000000000000e+06
3.779598000000000000e+06 5.419618000000000000e+06
3.779598000000000000e+06 5.439618000000000000e+06
3.779598000000000000e+06 5.459618000000000000e+06
3.779598000000000000e+06 5.479618000000000000e+06
3.779598000000000000e+06 5.499618000000000000e+06
3.779598000000000000e+06 5.519618000000000000e+06
3.779598000000000000e+06 5.539618000000000000e+06
3.779598000000000000e+06 5.559618000000000000e+06
3.779598000000000000e+06 5.579618000000000000e+06
3.779598000000000000e+06 5.599618000000000000e+06
3.799598000000000000e+06 4.799618000000000000e+06
3.799598000000000000e+06 4.819618000000000000e+06
3.799598000000000000e+06 4.839618000000000000e+06
3.799598000000000000e+06 4.859618000000000000e+06
3.799598000000000000e+06 4.879618000000000000e+06
3.799598000000000000e+06 4.899618000000000000e+06
3.799598000000000000e+06 4.919618000000000000e+06
3.799598000000000000e+06 4.939618000000000000e+06
3.799598000000000000e+06 4.959618000000000000e+06
3.799598000000000000e+06 4.979618000000000000e+06
3.799598000000000000e+06 4.999618000000000000e+06
3.799598000000000000e+06 5.019618000000000000e+06
3.799598000000000000e+06 5.039618000000000000e+06
3.799598000000000000e+06 5.059618000000000000e+06
3.799598000000000000e+06 5.079618000000000000e+06
3.799598000000000000e+06 5.099618000000000000e+06
3.799598000000000000e+06 5.119618000000000000e+06
3.799598000000000000e+06 5.139618000000000000e+06
3.799598000000000000e+06 5.159618000000000000e+06
3.799598000000000000e+06 5.179618000000000000e+06
3.799598000000000000e+06 5.199618000000000000e+06
3.799598000000000000e+06 5.219618000000000000e+06
3.799598000000000000e+06 5.239618000000000000e+06
3.799598000000000000e+06 5.259618000000000000e+06
3.799598000000000000e+06 5.279618000000000000e+06
3.799598000000000000e+06 5.299618000000000000e+06
3.799598000000000000e+06 5.319618000000000000e+06
3.799598000000000000e+06 5.339618000000000000e+06
3.799598000000000000e+06 5.359618000000000000e+06
3.799598000000000000e+06 5.379618000000000000e+06
3.799598000000000000e+06 5.399618000000000000e+06
3.799598000000000000e+06 5.419618000000000000e+06
3.799598000000000000e+06 5.439618000000000000e+06
3.799598000000000000e+06 5.459618000000000000e+06
3.799598000000000000e+06 5.479618000000000000e+06
3.799598000000000000e+06 5.499618000000000000e+06
3.799598000000000000e+06 5.519618000000000000e+06
3.799598000000000000e+06 5.539618000000000000e+06
3.799598000000000000e+06 5.559618000000000000e+06
3.799598000000000000e+06 5.579618000000000000e+06
3.799598000000000000e+06 5.599618000000000000e+06
3.819598000000000000e+06 4.799618000000000000e+06
3.819598000000000000e+06 4.819618000000000000e+06
3.819598000000000000e+06 4.839618000000000000e+06
3.819598000000000000e+06 4.859618000000000000e+06
3.819598000000000000e+06 4.879618000000000000e+06
3.819598000000000000e+06 4.899618000000000000e+06
3.819598000000000000e+06 4.919618000000000000e+06
3.819598000000000000e+06 4.939618000000000000e+06
3.819598000000000000e+06 4.959618000000000000e+06
3.819598000000000000e+06 4.979618000000000000e+06
3.819598000000000000e+06 4.999618000000000000e+06
3.819598000000000000e+06 5.019618000000000000e+06
3.819598000000000000e+06 5.039618000000000000e+06
3.819598000000000000e+06 5.059618000000000000e+06
3.819598000000000000e+06 5.079618000000000000e+06
3.819598000000000000e+06 5.099618000000000000e+06
3.819598000000000000e+06 5.119618000000000000e+06
3.819598000000000000e+06 5.139618000000000000e+06
3.819598000000000000e+06 5.159618000000000000e+06
3.819598000000000000e+06 5.179618000000000000e+06
3.819598000000000000e+06 5.199618000000000000e+06
3.819598000000000000e+06 5.219618000000000000e+06
3.819598000000000000e+06 5.239618000000000000e+06
3.819598000000000000e+06 5.259618000000000000e+06
3.819598000000000000e+06 5.279618000000000000e+06
3.819598000000000000e+06 5.299618000000000000e+06
3.819598000000000000e+06 5.319618000000000000e+06
3.819598000000000000e+06 5.339618000000000000e+06
3.819598000000000000e+06 5.359618000000000000e+06
3.819598000000000000e+06 5.379618000000000000e+06
3.819598000000000000e+06 5.399618000000000000e+06
3.819598000000000000e+06 5.419618000000000000e+06
3.819598000000000000e+06 5.439618000000000000e+06
3.819598000000000000e+06 5.459618000000000000e+06
3.819598000000000000e+06 5.479618000000000000e+06
3.819598000000000000e+06 5.499618000000000000e+06
3.819598000000000000e+06 5.519618000000000000e+06
3.819598000000000000e+06 5.539618000000000000e+06
3.819598000000000000e+06 5.559618000000000000e+06
3.819598000000000000e+06 5.579618000000000000e+06
3.819598000000000000e+06 5.599618000000000000e+06
3.839598000000000000e+06 4.799618000000000000e+06
3.839598000000000000e+06 4.819618000000000000e+06
3.839598000000000000e+06 4.839618000000000000e+06
3.839598000000000000e+06 4.859618000000000000e+06
3.839598000000000000e+06 4.879618000000000000e+06
3.839598000000000000e+06 4.899618000000000000e+06
3.839598000000000000e+06 4.919618000000000000e+06
3.839598000000000000e+06 4.939618000000000000e+06
3.839598000000000000e+06 4.959618000000000000e+06
3.839598000000000000e+06 4.979618000000000000e+06
3.839598000000000000e+06 4.999618000000000000e+06
3.839598000000000000e+06 5.019618000000000000e+06
3.839598000000000000e+06 5.039618000000000000e+06
3.839598000000000000e+06 5.059618000000000000e+06
3.839598000000000000e+06 5.079618000000000000e+06
3.839598000000000000e+06 5.099618000000000000e+06
3.839598000000000000e+06 5.119618000000000000e+06
3.839598000000000000e+06 5.139618000000000000e+06
3.839598000000000000e+06 5.159618000000000000e+06
3.839598000000000000e+06 5.179618000000000000e+06
3.839598000000000000e+06 5.199618000000000000e+06
3.839598000000000000e+06 5.219618000000000000e+06
3.839598000000000000e+06 5.239618000000000000e+06
3.839598000000000000e+06 5.259618000000000000e+06
3.839598000000000000e+06 5.279618000000000000e+06
3.839598000000000000e+06 5.299618000000000000e+06
3.839598000000000000e+06 5.319618000000000000e+06
3.839598000000000000e+06 5.339618000000000000e+06
3.839598000000000000e+06 5.359618000000000000e+06
3.839598000000000000e+06 5.379618000000000000e+06
3.839598000000000000e+06 5.399618000000000000e+06
3.839598000000000000e+06 5.419618000000000000e+06
3.839598000000000000e+06 5.439618000000000000e+06
3.839598000000000000e+06 5.459618000000000000e+06
3.839598000000000000e+06 5.479618000000000000e+06
3.839598000000000000e+06 5.499618000000000000e+06
3.839598000000000000e+06 5.519618000000000000e+06
3.839598000000000000e+06 5.539618000000000000e+06
3.839598000000000000e+06 5.559618000000000000e+06
3.839598000000000000e+06 5.579618000000000000e+06
3.839598000000000000e+06 5.599618000000000000e+06
3.859598000000000000e+06 4.799618000000000000e+06
3.859598000000000000e+06 4.819618000000000000e+06
3.859598000000000000e+06 4.839618000000000000e+06
3.859598000000000000e+06 4.859618000000000000e+06
3.859598000000000000e+06 4.879618000000000000e+06
3.859598000000000000e+06 4.899618000000000000e+06
3.859598000000000000e+06 4.919618000000000000e+06
3.859598000000000000e+06 4.939618000000000000e+06
3.859598000000000000e+06 4.959618000000000000e+06
3.859598000000000000e+06 4.979618000000000000e+06
3.859598000000000000e+06 4.999618000000000000e+06
3.859598000000000000e+06 5.019618000000000000e+06
3.859598000000000000e+06 5.039618000000000000e+06
3.859598000000000000e+06 5.059618000000000000e+06
3.859598000000000000e+06 5.079618000000000000e+06
3.859598000000000000e+06 5.099618000000000000e+06
3.859598000000000000e+06 5.119618000000000000e+06
3.859598000000000000e+06 5.139618000000000000e+06
3.859598000000000000e+06 5.159618000000000000e+06
3.859598000000000000e+06 5.179618000000000000e+06
3.859598000000000000e+06 5.199618000000000000e+06
3.859598000000000000e+06 5.219618000000000000e+06
3.859598000000000000e+06 5.239618000000000000e+06
3.859598000000000000e+06 5.259618000000000000e+06
3.859598000000000000e+06 5.279618000000000000e+06
3.859598000000000000e+06 5.299618000000000000e+06
3.859598000000000000e+06 5.319618000000000000e+06
3.859598000000000000e+06 5.339618000000000000e+06
3.859598000000000000e+06 5.359618000000000000e+06
3.859598000000000000e+06 5.379618000000000000e+06
3.859598000000000000e+06 5.399618000000000000e+06
3.859598000000000000e+06 5.419618000000000000e+06
3.859598000000000000e+06 5.439618000000000000e+06
3.859598000000000000e+06 5.459618000000000000e+06
3.859598000000000000e+06 5.479618000000000000e+06
3.859598000000000000e+06 5.499618000000000000e+06
3.859598000000000000e+06 5.519618000000000000e+06
3.859598000000000000e+06 5.539618000000000000e+06
3.859598000000000000e+06 5.559618000000000000e+06
3.859598000000000000e+06 5.579618000000000000e+06
3.859598000000000000e+06 5.599618000000000000e+06
3.879598000000000000e+06 4.799618000000000000e+06
3.879598000000000000e+06 4.819618000000000000e+06
3.879598000000000000e+06 4.839618000000000000e+06
3.879598000000000000e+06 4.859618000000000000e+06
3.879598000000000000e+06 4.879618000000000000e+06
3.879598000000000000e+06 4.899618000000000000e+06
3.879598000000000000e+06 4.919618000000000000e+06
3.879598000000000000e+06 4.939618000000000000e+06
3.879598000000000000e+06 4.959618000000000000e+06
3.879598000000000000e+06 4.979618000000000000e+06
3.879598000000000000e+06 4.999618000000000000e+06
3.879598000000000000e+06 5.019618000000000000e+06
3.879598000000000000e+06 5.039618000000000000e+06
3.879598000000000000e+06 5.059618000000000000e+06
3.879598000000000000e+06 5.079618000000000000e+06
3.879598000000000000e+06 5.099618000000000000e+06
3.879598000000000000e+06 5.119618000000000000e+06
3.879598000000000000e+06 5.139618000000000000e+06
3.879598000000000000e+06 5.159618000000000000e+06
3.879598000000000000e+06 5.179618000000000000e+06
3.879598000000000000e+06 5.199618000000000000e+06
3.879598000000000000e+06 5.219618000000000000e+06
3.879598000000000000e+06 5.239618000000000000e+06
3.879598000000000000e+06 5.259618000000000000e+06
3.879598000000000000e+06 5.279618000000000000e+06
3.879598000000000000e+06 5.299618000000000000e+06
3.879598000000000000e+06 5.319618000000000000e+06
3.879598000000000000e+06 5.339618000000000000e+06
3.879598000000000000e+06 5.359618000000000000e+06
3.879598000000000000e+06 5.379618000000000000e+06
3.879598000000000000e+06 5.399618000000000000e+06
3.879598000000000000e+06 5.419618000000000000e+06
3.879598000000000000e+06 5.439618000000000000e+06
3.879598000000000000e+06 5.459618000000000000e+06
3.879598000000000000e+06 5.479618000000000000e+06
3.879598000000000000e+06 5.499618000000000000e+06
3.879598000000000000e+06 5.519618000000000000e+06
3.879598000000000000e+06 5.539618000000000000e+06
3.879598000000000000e+06 5.559618000000000000e+06
3.879598000000000000e+06 5.579618000000000000e+06
3.879598000000000000e+06 5.599618000000000000e+06
3.899598000000000000e+06 4.799618000000000000e+06
3.899598000000000000e+06 4.819618000000000000e+06
3.899598000000000000e+06 4.839618000000000000e+06
3.899598000000000000e+06 4.859618000000000000e+06
3.899598000000000000e+06 4.879618000000000000e+06
3.899598000000000000e+06 4.899618000000000000e+06
3.899598000000000000e+06 4.919618000000000000e+06
3.899598000000000000e+06 4.939618000000000000e+06
3.899598000000000000e+06 4.959618000000000000e+06
3.899598000000000000e+06 4.979618000000000000e+06
3.899598000000000000e+06 4.999618000000000000e+06
3.899598000000000000e+06 5.019618000000000000e+06
3.899598000000000000e+06 5.039618000000000000e+06
3.899598000000000000e+06 5.059618000000000000e+06
3.899598000000000000e+06 5.079618000000000000e+06
3.899598000000000000e+06 5.099618000000000000e+06
3.899598000000000000e+06 5.119618000000000000e+06
3.899598000000000000e+06 5.139618000000000000e+06
3.899598000000000000e+06 5.159618000000000000e+06
3.899598000000000000e+06 5.179618000000000000e+06
3.899598000000000000e+06 5.199618000000000000e+06
3.899598000000000000e+06 5.219618000000000000e+06
3.899598000000000000e+06 5.239618000000000000e+06
3.899598000000000000e+06 5.259618000000000000e+06
3.899598000000000000e+06 5.279618000000000000e+06
3.899598000000000000e+06 5.299618000000000000e+06
3.899598000000000000e+06 5.319618000000000000e+06
3.899598000000000000e+06 5.339618000000000000e+06
3.899598000000000000e+06 5.359618000000000000e+06
3.899598000000000000e+06 5.379618000000000000e+06
3.899598000000000000e+06 5.399618000000000000e+06
3.899598000000000000e+06 5.419618000000000000e+06
3.899598000000000000e+06 5.439618000000000000e+06
3.899598000000000000e+06 5.459618000000000000e+06
3.899598000000000000e+06 5.479618000000000000e+06
3.899598000000000000e+06 5.499618000000000000e+06
3.899598000000000000e+06 5.519618000000000000e+06
3.899598000000000000e+06 5.539618000000000000e+06
3.899598000000000000e+06 5.559618000000000000e+06
3.899598000000000000e+06 5.579618000000000000e+06
3.899598000000000000e+06 5.599618000000000000e+06
3.919598000000000000e+06 4.799618000000000000e+06
3.919598000000000000e+06 4.819618000000000000e+06
3.919598000000000000e+06 4.839618000000000000e+06
3.919598000000000000e+06 4.859618000000000000e+06
3.919598000000000000e+06 4.879618000000000000e+06
3.919598000000000000e+06 4.899618000000000000e+06
3.919598000000000000e+06 4.919618000000000000e+06
3.919598000000000000e+06 4.939618000000000000e+06
3.919598000000000000e+06 4.959618000000000000e+06
3.919598000000000000e+06 4.979618000000000000e+06
3.919598000000000000e+06 4.999618000000000000e+06
3.919598000000000000e+06 5.019618000000000000e+06
3.919598000000000000e+06 5.039618000000000000e+06
3.919598000000000000e+06 5.059618000000000000e+06
3.919598000000000000e+06 5.079618000000000000e+06
3.919598000000000000e+06 5.099618000000000000e+06
3.919598000000000000e+06 5.119618000000000000e+06
3.919598000000000000e+06 5.139618000000000000e+06
3.919598000000000000e+06 5.159618000000000000e+06
3.919598000000000000e+06 5.179618000000000000e+06
3.919598000000000000e+06 5.199618000000000000e+06
3.919598000000000000e+06 5.219618000000000000e+06
3.919598000000000000e+06 5.239618000000000000e+06
3.919598000000000000e+06 5.259618000000000000e+06
3.919598000000000000e+06 5.279618000000000000e+06
3.919598000000000000e+06 5.299618000000000000e+06
3.919598000000000000e+06 5.319618000000000000e+06
3.919598000000000000e+06 5.339618000000000000e+06
3.919598000000000000e+06 5.359618000000000000e+06
3.919598000000000000e+06 5.379618000000000000e+06
3.919598000000000000e+06 5.399618000000000000e+06
3.919598000000000000e+06 5.419618000000000000e+06
3.919598000000000000e+06 5.439618000000000000e+06
3.919598000000000000e+06 5.459618000000000000e+06
3.919598000000000000e+06 5.479618000000000000e+06
3.919598000000000000e+06 5.499618000000000000e+06
3.919598000000000000e+06 5.519618000000000000e+06
3.919598000000000000e+06 5.539618000000000000e+06
3.919598000000000000e+06 5.559618000000000000e+06
3.919598000000000000e+06 5.579618000000000000e+06
3.919598000000000000e+06 5.599618000000000000e+06
3.939598000000000000e+06 4.799618000000000000e+06
3.939598000000000000e+06 4.819618000000000000e+06
3.939598000000000000e+06 4.839618000000000000e+06
3.939598000000000000e+06 4.859618000000000000e+06
3.939598000000000000e+06 4.879618000000000000e+06
3.939598000000000000e+06 4.899618000000000000e+06
3.939598000000000000e+06 4.919618000000000000e+06
3.939598000000000000e+06 4.939618000000000000e+06
3.939598000000000000e+06 4.959618000000000000e+06
3.939598000000000000e+06 4.979618000000000000e+06
3.939598000000000000e+06 4.999618000000000000e+06
3.939598000000000000e+06 5.019618000000000000e+06
3.939598000000000000e+06 5.039618000000000000e+06
3.939598000000000000e+06 5.059618000000000000e+06
3.939598000000000000e+06 5.079618000000000000e+06
3.939598000000000000e+06 5.099618000000000000e+06
3.939598000000000000e+06 5.119618000000000000e+06
3.939598000000000000e+06 5.139618000000000000e+06
3.939598000000000000e+06 5.159618000000000000e+06
3.939598000000000000e+06 5.179618000000000000e+06
3.939598000000000000e+06 5.199618000000000000e+06
3.939598000000000000e+06 5.219618000000000000e+06
3.939598000000000000e+06 5.239618000000000000e+06
3.939598000000000000e+06 5.259618000000000000e+06
3.939598000000000000e+06 5.279618000000000000e+06
3.939598000000000000e+06 5.299618000000000000e+06
3.939598000000000000e+06 5.319618000000000000e+06
3.939598000000000000e+06 5.339618000000000000e+06
3.939598000000000000e+06 5.359618000000000000e+06
3.939598000000000000e+06 5.379618000000000000e+06
3.939598000000000000e+06 5.399618000000000000e+06
3.939598000000000000e+06 5.419618000000000000e+06
3.939598000000000000e+06 5.439618000000000000e+06
3.939598000000000000e+06 5.459618000000000000e+06
3.939598000000000000e+06 5.479618000000000000e+06
3.939598000000000000e+06 5.499618000000000000e+06
3.939598000000000000e+06 5.519618000000000000e+06
3.939598000000000000e+06 5.539618000000000000e+06
3.939598000000000000e+06 5.559618000000000000e+06
3.939598000000000000e+06 5.579618000000000000e+06
3.939598000000000000e+06 5.599618000000000000e+06
3.959598000000000000e+06 4.799618000000000000e+06
3.959598000000000000e+06 4.819618000000000000e+06
3.959598000000000000e+06 4.839618000000000000e+06
3.959598000000000000e+06 4.859618000000000000e+06
3.959598000000000000e+06 4.879618000000000000e+06
3.959598000000000000e+06 4.899618000000000000e+06
3.959598000000000000e+06 4.919618000000000000e+06
3.959598000000000000e+06 4.939618000000000000e+06
3.959598000000000000e+06 4.959618000000000000e+06
3.959598000000000000e+06 4.979618000000000000e+06
3.959598000000000000e+06 4.999618000000000000e+06
3.959598000000000000e+06 5.019618000000000000e+06
3.959598000000000000e+06 5.039618000000000000e+06
3.959598000000000000e+06 5.059618000000000000e+06
3.959598000000000000e+06 5.079618000000000000e+06
3.959598000000000000e+06 5.099618000000000000e+06
3.959598000000000000e+06 5.119618000000000000e+06
3.959598000000000000e+06 5.139618000000000000e+06
3.959598000000000000e+06 5.159618000000000000e+06
3.959598000000000000e+06 5.179618000000000000e+06
3.959598000000000000e+06 5.199618000000000000e+06
3.959598000000000000e+06 5.219618000000000000e+06
3.959598000000000000e+06 5.239618000000000000e+06
3.959598000000000000e+06 5.259618000000000000e+06
3.959598000000000000e+06 5.279618000000000000e+06
3.959598000000000000e+06 5.299618000000000000e+06
3.959598000000000000e+06 5.319618000000000000e+06
3.959598000000000000e+06 5.339618000000000000e+06
3.959598000000000000e+06 5.359618000000000000e+06
3.959598000000000000e+06 5.379618000000000000e+06
3.959598000000000000e+06 5.399618000000000000e+06
3.959598000000000000e+06 5.419618000000000000e+06
3.959598000000000000e+06 5.439618000000000000e+06
3.959598000000000000e+06 5.459618000000000000e+06
3.959598000000000000e+06 5.479618000000000000e+06
3.959598000000000000e+06 5.499618000000000000e+06
3.959598000000000000e+06 5.519618000000000000e+06
3.959598000000000000e+06 5.539618000000000000e+06
3.959598000000000000e+06 5.559618000000000000e+06
3.959598000000000000e+06 5.579618000000000000e+06
3.959598000000000000e+06 5.599618000000000000e+06
3.979598000000000000e+06 4.799618000000000000e+06
3.979598000000000000e+06 4.819618000000000000e+06
3.979598000000000000e+06 4.839618000000000000e+06
3.979598000000000000e+06 4.859618000000000000e+06
3.979598000000000000e+06 4.879618000000000000e+06
3.979598000000000000e+06 4.899618000000000000e+06
3.979598000000000000e+06 4.919618000000000000e+06
3.979598000000000000e+06 4.939618000000000000e+06
3.979598000000000000e+06 4.959618000000000000e+06
3.979598000000000000e+06 4.979618000000000000e+06
3.979598000000000000e+06 4.999618000000000000e+06
3.979598000000000000e+06 5.019618000000000000e+06
3.979598000000000000e+06 5.039618000000000000e+06
3.979598000000000000e+06 5.059618000000000000e+06
3.979598000000000000e+06 5.079618000000000000e+06
3.979598000000000000e+06 5.099618000000000000e+06
3.979598000000000000e+06 5.119618000000000000e+06
3.979598000000000000e+06 5.139618000000000000e+06
3.979598000000000000e+06 5.159618000000000000e+06
3.979598000000000000e+06 5.179618000000000000e+06
3.979598000000000000e+06 5.199618000000000000e+06
3.979598000000000000e+06 5.219618000000000000e+06
3.979598000000000000e+06 5.239618000000000000e+06
3.979598000000000000e+06 5.259618000000000000e+06
3.979598000000000000e+06 5.279618000000000000e+06
3.979598000000000000e+06 5.299618000000000000e+06
3.979598000000000000e+06 5.319618000000000000e+06
3.979598000000000000e+06 5.339618000000000000e+06
3.979598000000000000e+06 5.359618000000000000e+06
3.979598000000000000e+06 5.379618000000000000e+06
3.979598000000000000e+06 5.399618000000000000e+06
3.979598000000000000e+06 5.419618000000000000e+06
3.979598000000000000e+06 5.439618000000000000e+06
3.979598000000000000e+06 5.459618000000000000e+06
3.979598000000000000e+06 5.479618000000000000e+06
3.979598000000000000e+06 5.499618000000000000e+06
3.979598000000000000e+06 5.519618000000000000e+06
3.979598000000000000e+06 5.539618000000000000e+06
3.979598000000000000e+06 5.559618000000000000e+06
3.979598000000000000e+06 5.579618000000000000e+06
3.979598000000000000e+06 5.599618000000000000e+06
3.999598000000000000e+06 4.799618000000000000e+06
3.999598000000000000e+06 4.819618000000000000e+06
3.999598000000000000e+06 4.839618000000000000e+06
3.999598000000000000e+06 4.859618000000000000e+06
3.999598000000000000e+06 4.879618000000000000e+06
3.999598000000000000e+06 4.899618000000000000e+06
3.999598000000000000e+06 4.919618000000000000e+06
3.999598000000000000e+06 4.939618000000000000e+06
3.999598000000000000e+06 4.959618000000000000e+06
3.999598000000000000e+06 4.979618000000000000e+06
3.999598000000000000e+06 4.999618000000000000e+06
3.999598000000000000e+06 5.019618000000000000e+06
3.999598000000000000e+06 5.039618000000000000e+06
3.999598000000000000e+06 5.059618000000000000e+06
3.999598000000000000e+06 5.079618000000000000e+06
3.999598000000000000e+06 5.099618000000000000e+06
3.999598000000000000e+06 5.119618000000000000e+06
3.999598000000000000e+06 5.139618000000000000e+06
3.999598000000000000e+06 5.159618000000000000e+06
3.999598000000000000e+06 5.179618000000000000e+06
3.999598000000000000e+06 5.199618000000000000e+06
3.999598000000000000e+06 5.219618000000000000e+06
3.999598000000000000e+06 5.239618000000000000e+06
3.999598000000000000e+06 5.259618000000000000e+06
3.999598000000000000e+06 5.279618000000000000e+06
3.999598000000000000e+06 5.299618000000000000e+06
3.999598000000000000e+06 5.319618000000000000e+06
3.999598000000000000e+06 5.339618000000000000e+06
3.999598000000000000e+06 5.359618000000000000e+06
3.999598000000000000e+06 5.379618000000000000e+06
3.999598000000000000e+06 5.399618000000000000e+06
3.999598000000000000e+06 5.419618000000000000e+06
3.999598000000000000e+06 5.439618000000000000e+06
3.999598000000000000e+06 5.459618000000000000e+06
3.999598000000000000e+06 5.479618000000000000e+06
3.999598000000000000e+06 5.499618000000000000e+06
3.999598000000000000e+06 5.519618000000000000e+06
3.999598000000000000e+06 5.539618000000000000e+06
3.999598000000000000e+06 5.559618000000000000e+06
3.999598000000000000e+06 5.579618000000000000e+06
3.999598000000000000e+06 5.599618000000000000e+06
