2.399518000000000000e+06 1.039953800000000000e+07
2.399518000000000000e+06 1.041953800000000000e+07
2.399518000000000000e+06 1.043953800000000000e+07
2.399518000000000000e+06 1.045953800000000000e+07
2.399518000000000000e+06 1.047953800000000000e+07
2.399518000000000000e+06 1.049953800000000000e+07
2.399518000000000000e+06 1.051953800000000000e+07
2.399518000000000000e+06 1.053953800000000000e+07
2.399518000000000000e+06 1.055953800000000000e+07
2.399518000000000000e+06 1.057953800000000000e+07
2.399518000000000000e+06 1.059953800000000000e+07
2.399518000000000000e+06 1.061953800000000000e+07
2.399518000000000000e+06 1.063953800000000000e+07
2.399518000000000000e+06 1.065953800000000000e+07
2.399518000000000000e+06 1.067953800000000000e+07
2.399518000000000000e+06 1.069953800000000000e+07
2.399518000000000000e+06 1.071953800000000000e+07
2.399518000000000000e+06 1.073953800000000000e+07
2.399518000000000000e+06 1.075953800000000000e+07
2.399518000000000000e+06 1.077953800000000000e+07
2.399518000000000000e+06 1.079953800000000000e+07
2.399518000000000000e+06 1.081953800000000000e+07
2.399518000000000000e+06 1.083953800000000000e+07
2.399518000000000000e+06 1.085953800000000000e+07
2.399518000000000000e+06 1.087953800000000000e+07
2.399518000000000000e+06 1.089953800000000000e+07
2.399518000000000000e+06 1.091953800000000000e+07
2.399518000000000000e+06 1.093953800000000000e+07
2.399518000000000000e+06 1.095953800000000000e+07
2.399518000000000000e+06 1.097953800000000000e+07
2.399518000000000000e+06 1.099953800000000000e+07
2.399518000000000000e+06 1.101953800000000000e+07
2.399518000000000000e+06 1.103953800000000000e+07
2.399518000000000000e+06 1.105953800000000000e+07
2.399518000000000000e+06 1.107953800000000000e+07
2.399518000000000000e+06 1.109953800000000000e+07
2.399518000000000000e+06 1.111953800000000000e+07
2.399518000000000000e+06 1.113953800000000000e+07
2.399518000000000000e+06 1.115953800000000000e+07
2.399518000000000000e+06 1.117953800000000000e+07
2.399518000000000000e+06 1.119953800000000000e+07
2.419518000000000000e+06 1.039953800000000000e+07
2.419518000000000000e+06 1.041953800000000000e+07
2.419518000000000000e+06 1.043953800000000000e+07
2.419518000000000000e+06 1.045953800000000000e+07
2.419518000000000000e+06 1.047953800000000000e+07
2.419518000000000000e+06 1.049953800000000000e+07
2.419518000000000000e+06 1.051953800000000000e+07
2.419518000000000000e+06 1.053953800000000000e+07
2.419518000000000000e+06 1.055953800000000000e+07
2.419518000000000000e+06 1.057953800000000000e+07
2.419518000000000000e+06 1.059953800000000000e+07
2.419518000000000000e+06 1.061953800000000000e+07
2.419518000000000000e+06 1.063953800000000000e+07
2.419518000000000000e+06 1.065953800000000000e+07
2.419518000000000000e+06 1.067953800000000000e+07
2.419518000000000000e+06 1.069953800000000000e+07
2.419518000000000000e+06 1.071953800000000000e+07
2.419518000000000000e+06 1.073953800000000000e+07
2.419518000000000000e+06 1.075953800000000000e+07
2.419518000000000000e+06 1.077953800000000000e+07
2.419518000000000000e+06 1.079953800000000000e+07
2.419518000000000000e+06 1.081953800000000000e+07
2.419518000000000000e+06 1.083953800000000000e+07
2.419518000000000000e+06 1.085953800000000000e+07
2.419518000000000000e+06 1.087953800000000000e+07
2.419518000000000000e+06 1.089953800000000000e+07
2.419518000000000000e+06 1.091953800000000000e+07
2.419518000000000000e+06 1.093953800000000000e+07
2.419518000000000000e+06 1.095953800000000000e+07
2.419518000000000000e+06 1.097953800000000000e+07
2.419518000000000000e+06 1.099953800000000000e+07
2.419518000000000000e+06 1.101953800000000000e+07
2.419518000000000000e+06 1.103953800000000000e+07
2.419518000000000000e+06 1.105953800000000000e+07
2.419518000000000000e+06 1.107953800000000000e+07
2.419518000000000000e+06 1.109953800000000000e+07
2.419518000000000000e+06 1.111953800000000000e+07
2.419518000000000000e+06 1.113953800000000000e+07
2.419518000000000000e+06 1.115953800000000000e+07
2.419518000000000000e+06 1.117953800000000000e+07
2.419518000000000000e+06 1.119953800000000000e+07
2.439518000000000000e+06 1.039953800000000000e+07
2.439518000000000000e+06 1.041953800000000000e+07
2.439518000000000000e+06 1.043953800000000000e+07
2.439518000000000000e+06 1.045953800000000000e+07
2.439518000000000000e+06 1.047953800000000000e+07
2.439518000000000000e+06 1.049953800000000000e+07
2.439518000000000000e+06 1.051953800000000000e+07
2.439518000000000000e+06 1.053953800000000000e+07
2.439518000000000000e+06 1.055953800000000000e+07
2.439518000000000000e+06 1.057953800000000000e+07
2.439518000000000000e+06 1.059953800000000000e+07
2.439518000000000000e+06 1.061953800000000000e+07
2.439518000000000000e+06 1.063953800000000000e+07
2.439518000000000000e+06 1.065953800000000000e+07
2.439518000000000000e+06 1.067953800000000000e+07
2.439518000000000000e+06 1.069953800000000000e+07
2.439518000000000000e+06 1.071953800000000000e+07
2.439518000000000000e+06 1.073953800000000000e+07
2.439518000000000000e+06 1.075953800000000000e+07
2.439518000000000000e+06 1.077953800000000000e+07
2.439518000000000000e+06 1.079953800000000000e+07
2.439518000000000000e+06 1.081953800000000000e+07
2.439518000000000000e+06 1.083953800000000000e+07
2.439518000000000000e+06 1.085953800000000000e+07
2.439518000000000000e+06 1.087953800000000000e+07
2.439518000000000000e+06 1.089953800000000000e+07
2.439518000000000000e+06 1.091953800000000000e+07
2.439518000000000000e+06 1.093953800000000000e+07
2.439518000000000000e+06 1.095953800000000000e+07
2.439518000000000000e+06 1.097953800000000000e+07
2.439518000000000000e+06 1.099953800000000000e+07
2.439518000000000000e+06 1.101953800000000000e+07
2.439518000000000000e+06 1.103953800000000000e+07
2.439518000000000000e+06 1.105953800000000000e+07
2.439518000000000000e+06 1.107953800000000000e+07
2.439518000000000000e+06 1.109953800000000000e+07
2.439518000000000000e+06 1.111953800000000000e+07
2.439518000000000000e+06 1.113953800000000000e+07
2.439518000000000000e+06 1.115953800000000000e+07
2.439518000000000000e+06 1.117953800000000000e+07
2.439518000000000000e+06 1.119953800000000000e+07
2.459518000000000000e+06 1.039953800000000000e+07
2.459518000000000000e+06 1.041953800000000000e+07
2.459518000000000000e+06 1.043953800000000000e+07
2.459518000000000000e+06 1.045953800000000000e+07
2.459518000000000000e+06 1.047953800000000000e+07
2.459518000000000000e+06 1.049953800000000000e+07
2.459518000000000000e+06 1.051953800000000000e+07
2.459518000000000000e+06 1.053953800000000000e+07
2.459518000000000000e+06 1.055953800000000000e+07
2.459518000000000000e+06 1.057953800000000000e+07
2.459518000000000000e+06 1.059953800000000000e+07
2.459518000000000000e+06 1.061953800000000000e+07
2.459518000000000000e+06 1.063953800000000000e+07
2.459518000000000000e+06 1.065953800000000000e+07
2.459518000000000000e+06 1.067953800000000000e+07
2.459518000000000000e+06 1.069953800000000000e+07
2.459518000000000000e+06 1.071953800000000000e+07
2.459518000000000000e+06 1.073953800000000000e+07
2.459518000000000000e+06 1.075953800000000000e+07
2.459518000000000000e+06 1.077953800000000000e+07
2.459518000000000000e+06 1.079953800000000000e+07
2.459518000000000000e+06 1.081953800000000000e+07
2.459518000000000000e+06 1.083953800000000000e+07
2.459518000000000000e+06 1.085953800000000000e+07
2.459518000000000000e+06 1.087953800000000000e+07
2.459518000000000000e+06 1.089953800000000000e+07
2.459518000000000000e+06 1.091953800000000000e+07
2.459518000000000000e+06 1.093953800000000000e+07
2.459518000000000000e+06 1.095953800000000000e+07
2.459518000000000000e+06 1.097953800000000000e+07
2.459518000000000000e+06 1.099953800000000000e+07
2.459518000000000000e+06 1.101953800000000000e+07
2.459518000000000000e+06 1.103953800000000000e+07
2.459518000000000000e+06 1.105953800000000000e+07
2.459518000000000000e+06 1.107953800000000000e+07
2.459518000000000000e+06 1.109953800000000000e+07
2.459518000000000000e+06 1.111953800000000000e+07
2.459518000000000000e+06 1.113953800000000000e+07
2.459518000000000000e+06 1.115953800000000000e+07
2.459518000000000000e+06 1.117953800000000000e+07
2.459518000000000000e+06 1.119953800000000000e+07
2.479518000000000000e+06 1.039953800000000000e+07
2.479518000000000000e+06 1.041953800000000000e+07
2.479518000000000000e+06 1.043953800000000000e+07
2.479518000000000000e+06 1.045953800000000000e+07
2.479518000000000000e+06 1.047953800000000000e+07
2.479518000000000000e+06 1.049953800000000000e+07
2.479518000000000000e+06 1.051953800000000000e+07
2.479518000000000000e+06 1.053953800000000000e+07
2.479518000000000000e+06 1.055953800000000000e+07
2.479518000000000000e+06 1.057953800000000000e+07
2.479518000000000000e+06 1.059953800000000000e+07
2.479518000000000000e+06 1.061953800000000000e+07
2.479518000000000000e+06 1.063953800000000000e+07
2.479518000000000000e+06 1.065953800000000000e+07
2.479518000000000000e+06 1.067953800000000000e+07
2.479518000000000000e+06 1.069953800000000000e+07
2.479518000000000000e+06 1.071953800000000000e+07
2.479518000000000000e+06 1.073953800000000000e+07
2.479518000000000000e+06 1.075953800000000000e+07
2.479518000000000000e+06 1.077953800000000000e+07
2.479518000000000000e+06 1.079953800000000000e+07
2.479518000000000000e+06 1.081953800000000000e+07
2.479518000000000000e+06 1.083953800000000000e+07
2.479518000000000000e+06 1.085953800000000000e+07
2.479518000000000000e+06 1.087953800000000000e+07
2.479518000000000000e+06 1.089953800000000000e+07
2.479518000000000000e+06 1.091953800000000000e+07
2.479518000000000000e+06 1.093953800000000000e+07
2.479518000000000000e+06 1.095953800000000000e+07
2.479518000000000000e+06 1.097953800000000000e+07
2.479518000000000000e+06 1.099953800000000000e+07
2.479518000000000000e+06 1.101953800000000000e+07
2.479518000000000000e+06 1.103953800000000000e+07
2.479518000000000000e+06 1.105953800000000000e+07
2.479518000000000000e+06 1.107953800000000000e+07
2.479518000000000000e+06 1.109953800000000000e+07
2.479518000000000000e+06 1.111953800000000000e+07
2.479518000000000000e+06 1.113953800000000000e+07
2.479518000000000000e+06 1.115953800000000000e+07
2.479518000000000000e+06 1.117953800000000000e+07
2.479518000000000000e+06 1.119953800000000000e+07
2.499518000000000000e+06 1.039953800000000000e+07
2.499518000000000000e+06 1.041953800000000000e+07
2.499518000000000000e+06 1.043953800000000000e+07
2.499518000000000000e+06 1.045953800000000000e+07
2.499518000000000000e+06 1.047953800000000000e+07
2.499518000000000000e+06 1.049953800000000000e+07
2.499518000000000000e+06 1.051953800000000000e+07
2.499518000000000000e+06 1.053953800000000000e+07
2.499518000000000000e+06 1.055953800000000000e+07
2.499518000000000000e+06 1.057953800000000000e+07
2.499518000000000000e+06 1.059953800000000000e+07
2.499518000000000000e+06 1.061953800000000000e+07
2.499518000000000000e+06 1.063953800000000000e+07
2.499518000000000000e+06 1.065953800000000000e+07
2.499518000000000000e+06 1.067953800000000000e+07
2.499518000000000000e+06 1.069953800000000000e+07
2.499518000000000000e+06 1.071953800000000000e+07
2.499518000000000000e+06 1.073953800000000000e+07
2.499518000000000000e+06 1.075953800000000000e+07
2.499518000000000000e+06 1.077953800000000000e+07
2.499518000000000000e+06 1.079953800000000000e+07
2.499518000000000000e+06 1.081953800000000000e+07
2.499518000000000000e+06 1.083953800000000000e+07
2.499518000000000000e+06 1.085953800000000000e+07
2.499518000000000000e+06 1.087953800000000000e+07
2.499518000000000000e+06 1.089953800000000000e+07
2.499518000000000000e+06 1.091953800000000000e+07
2.499518000000000000e+06 1.093953800000000000e+07
2.499518000000000000e+06 1.095953800000000000e+07
2.499518000000000000e+06 1.097953800000000000e+07
2.499518000000000000e+06 1.099953800000000000e+07
2.499518000000000000e+06 1.101953800000000000e+07
2.499518000000000000e+06 1.103953800000000000e+07
2.499518000000000000e+06 1.105953800000000000e+07
2.499518000000000000e+06 1.107953800000000000e+07
2.499518000000000000e+06 1.109953800000000000e+07
2.499518000000000000e+06 1.111953800000000000e+07
2.499518000000000000e+06 1.113953800000000000e+07
2.499518000000000000e+06 1.115953800000000000e+07
2.499518000000000000e+06 1.117953800000000000e+07
2.499518000000000000e+06 1.119953800000000000e+07
2.519518000000000000e+06 1.039953800000000000e+07
2.519518000000000000e+06 1.041953800000000000e+07
2.519518000000000000e+06 1.043953800000000000e+07
2.519518000000000000e+06 1.045953800000000000e+07
2.519518000000000000e+06 1.047953800000000000e+07
2.519518000000000000e+06 1.049953800000000000e+07
2.519518000000000000e+06 1.051953800000000000e+07
2.519518000000000000e+06 1.053953800000000000e+07
2.519518000000000000e+06 1.055953800000000000e+07
2.519518000000000000e+06 1.057953800000000000e+07
2.519518000000000000e+06 1.059953800000000000e+07
2.519518000000000000e+06 1.061953800000000000e+07
2.519518000000000000e+06 1.063953800000000000e+07
2.519518000000000000e+06 1.065953800000000000e+07
2.519518000000000000e+06 1.067953800000000000e+07
2.519518000000000000e+06 1.069953800000000000e+07
2.519518000000000000e+06 1.071953800000000000e+07
2.519518000000000000e+06 1.073953800000000000e+07
2.519518000000000000e+06 1.075953800000000000e+07
2.519518000000000000e+06 1.077953800000000000e+07
2.519518000000000000e+06 1.079953800000000000e+07
2.519518000000000000e+06 1.081953800000000000e+07
2.519518000000000000e+06 1.083953800000000000e+07
2.519518000000000000e+06 1.085953800000000000e+07
2.519518000000000000e+06 1.087953800000000000e+07
2.519518000000000000e+06 1.089953800000000000e+07
2.519518000000000000e+06 1.091953800000000000e+07
2.519518000000000000e+06 1.093953800000000000e+07
2.519518000000000000e+06 1.095953800000000000e+07
2.519518000000000000e+06 1.097953800000000000e+07
2.519518000000000000e+06 1.099953800000000000e+07
2.519518000000000000e+06 1.101953800000000000e+07
2.519518000000000000e+06 1.103953800000000000e+07
2.519518000000000000e+06 1.105953800000000000e+07
2.519518000000000000e+06 1.107953800000000000e+07
2.519518000000000000e+06 1.109953800000000000e+07
2.519518000000000000e+06 1.111953800000000000e+07
2.519518000000000000e+06 1.113953800000000000e+07
2.519518000000000000e+06 1.115953800000000000e+07
2.519518000000000000e+06 1.117953800000000000e+07
2.519518000000000000e+06 1.119953800000000000e+07
2.539518000000000000e+06 1.039953800000000000e+07
2.539518000000000000e+06 1.041953800000000000e+07
2.539518000000000000e+06 1.043953800000000000e+07
2.539518000000000000e+06 1.045953800000000000e+07
2.539518000000000000e+06 1.047953800000000000e+07
2.539518000000000000e+06 1.049953800000000000e+07
2.539518000000000000e+06 1.051953800000000000e+07
2.539518000000000000e+06 1.053953800000000000e+07
2.539518000000000000e+06 1.055953800000000000e+07
2.539518000000000000e+06 1.057953800000000000e+07
2.539518000000000000e+06 1.059953800000000000e+07
2.539518000000000000e+06 1.061953800000000000e+07
2.539518000000000000e+06 1.063953800000000000e+07
2.539518000000000000e+06 1.065953800000000000e+07
2.539518000000000000e+06 1.067953800000000000e+07
2.539518000000000000e+06 1.069953800000000000e+07
2.539518000000000000e+06 1.071953800000000000e+07
2.539518000000000000e+06 1.073953800000000000e+07
2.539518000000000000e+06 1.075953800000000000e+07
2.539518000000000000e+06 1.077953800000000000e+07
2.539518000000000000e+06 1.079953800000000000e+07
2.539518000000000000e+06 1.081953800000000000e+07
2.539518000000000000e+06 1.083953800000000000e+07
2.539518000000000000e+06 1.085953800000000000e+07
2.539518000000000000e+06 1.087953800000000000e+07
2.539518000000000000e+06 1.089953800000000000e+07
2.539518000000000000e+06 1.091953800000000000e+07
2.539518000000000000e+06 1.093953800000000000e+07
2.539518000000000000e+06 1.095953800000000000e+07
2.539518000000000000e+06 1.097953800000000000e+07
2.539518000000000000e+06 1.099953800000000000e+07
2.539518000000000000e+06 1.101953800000000000e+07
2.539518000000000000e+06 1.103953800000000000e+07
2.539518000000000000e+06 1.105953800000000000e+07
2.539518000000000000e+06 1.107953800000000000e+07
2.539518000000000000e+06 1.109953800000000000e+07
2.539518000000000000e+06 1.111953800000000000e+07
2.539518000000000000e+06 1.113953800000000000e+07
2.539518000000000000e+06 1.115953800000000000e+07
2.539518000000000000e+06 1.117953800000000000e+07
2.539518000000000000e+06 1.119953800000000000e+07
2.559518000000000000e+06 1.039953800000000000e+07
2.559518000000000000e+06 1.041953800000000000e+07
2.559518000000000000e+06 1.043953800000000000e+07
2.559518000000000000e+06 1.045953800000000000e+07
2.559518000000000000e+06 1.047953800000000000e+07
2.559518000000000000e+06 1.049953800000000000e+07
2.559518000000000000e+06 1.051953800000000000e+07
2.559518000000000000e+06 1.053953800000000000e+07
2.559518000000000000e+06 1.055953800000000000e+07
2.559518000000000000e+06 1.057953800000000000e+07
2.559518000000000000e+06 1.059953800000000000e+07
2.559518000000000000e+06 1.061953800000000000e+07
2.559518000000000000e+06 1.063953800000000000e+07
2.559518000000000000e+06 1.065953800000000000e+07
2.559518000000000000e+06 1.067953800000000000e+07
2.559518000000000000e+06 1.069953800000000000e+07
2.559518000000000000e+06 1.071953800000000000e+07
2.559518000000000000e+06 1.073953800000000000e+07
2.559518000000000000e+06 1.075953800000000000e+07
2.559518000000000000e+06 1.077953800000000000e+07
2.559518000000000000e+06 1.079953800000000000e+07
2.559518000000000000e+06 1.081953800000000000e+07
2.559518000000000000e+06 1.083953800000000000e+07
2.559518000000000000e+06 1.085953800000000000e+07
2.559518000000000000e+06 1.087953800000000000e+07
2.559518000000000000e+06 1.089953800000000000e+07
2.559518000000000000e+06 1.091953800000000000e+07
2.559518000000000000e+06 1.093953800000000000e+07
2.559518000000000000e+06 1.095953800000000000e+07
2.559518000000000000e+06 1.097953800000000000e+07
2.559518000000000000e+06 1.099953800000000000e+07
2.559518000000000000e+06 1.101953800000000000e+07
2.559518000000000000e+06 1.103953800000000000e+07
2.559518000000000000e+06 1.105953800000000000e+07
2.559518000000000000e+06 1.107953800000000000e+07
2.559518000000000000e+06 1.109953800000000000e+07
2.559518000000000000e+06 1.111953800000000000e+07
2.559518000000000000e+06 1.113953800000000000e+07
2.559518000000000000e+06 1.115953800000000000e+07
2.559518000000000000e+06 1.117953800000000000e+07
2.559518000000000000e+06 1.119953800000000000e+07
2.579518000000000000e+06 1.039953800000000000e+07
2.579518000000000000e+06 1.041953800000000000e+07
2.579518000000000000e+06 1.043953800000000000e+07
2.579518000000000000e+06 1.045953800000000000e+07
2.579518000000000000e+06 1.047953800000000000e+07
2.579518000000000000e+06 1.049953800000000000e+07
2.579518000000000000e+06 1.051953800000000000e+07
2.579518000000000000e+06 1.053953800000000000e+07
2.579518000000000000e+06 1.055953800000000000e+07
2.579518000000000000e+06 1.057953800000000000e+07
2.579518000000000000e+06 1.059953800000000000e+07
2.579518000000000000e+06 1.061953800000000000e+07
2.579518000000000000e+06 1.063953800000000000e+07
2.579518000000000000e+06 1.065953800000000000e+07
2.579518000000000000e+06 1.067953800000000000e+07
2.579518000000000000e+06 1.069953800000000000e+07
2.579518000000000000e+06 1.071953800000000000e+07
2.579518000000000000e+06 1.073953800000000000e+07
2.579518000000000000e+06 1.075953800000000000e+07
2.579518000000000000e+06 1.077953800000000000e+07
2.579518000000000000e+06 1.079953800000000000e+07
2.579518000000000000e+06 1.081953800000000000e+07
2.579518000000000000e+06 1.083953800000000000e+07
2.579518000000000000e+06 1.085953800000000000e+07
2.579518000000000000e+06 1.087953800000000000e+07
2.579518000000000000e+06 1.089953800000000000e+07
2.579518000000000000e+06 1.091953800000000000e+07
2.579518000000000000e+06 1.093953800000000000e+07
2.579518000000000000e+06 1.095953800000000000e+07
2.579518000000000000e+06 1.097953800000000000e+07
2.579518000000000000e+06 1.099953800000000000e+07
2.579518000000000000e+06 1.101953800000000000e+07
2.579518000000000000e+06 1.103953800000000000e+07
2.579518000000000000e+06 1.105953800000000000e+07
2.579518000000000000e+06 1.107953800000000000e+07
2.579518000000000000e+06 1.109953800000000000e+07
2.579518000000000000e+06 1.111953800000000000e+07
2.579518000000000000e+06 1.113953800000000000e+07
2.579518000000000000e+06 1.115953800000000000e+07
2.579518000000000000e+06 1.117953800000000000e+07
2.579518000000000000e+06 1.119953800000000000e+07
2.599518000000000000e+06 1.039953800000000000e+07
2.599518000000000000e+06 1.041953800000000000e+07
2.599518000000000000e+06 1.043953800000000000e+07
2.599518000000000000e+06 1.045953800000000000e+07
2.599518000000000000e+06 1.047953800000000000e+07
2.599518000000000000e+06 1.049953800000000000e+07
2.599518000000000000e+06 1.051953800000000000e+07
2.599518000000000000e+06 1.053953800000000000e+07
2.599518000000000000e+06 1.055953800000000000e+07
2.599518000000000000e+06 1.057953800000000000e+07
2.599518000000000000e+06 1.059953800000000000e+07
2.599518000000000000e+06 1.061953800000000000e+07
2.599518000000000000e+06 1.063953800000000000e+07
2.599518000000000000e+06 1.065953800000000000e+07
2.599518000000000000e+06 1.067953800000000000e+07
2.599518000000000000e+06 1.069953800000000000e+07
2.599518000000000000e+06 1.071953800000000000e+07
2.599518000000000000e+06 1.073953800000000000e+07
2.599518000000000000e+06 1.075953800000000000e+07
2.599518000000000000e+06 1.077953800000000000e+07
2.599518000000000000e+06 1.079953800000000000e+07
2.599518000000000000e+06 1.081953800000000000e+07
2.599518000000000000e+06 1.083953800000000000e+07
2.599518000000000000e+06 1.085953800000000000e+07
2.599518000000000000e+06 1.087953800000000000e+07
2.599518000000000000e+06 1.089953800000000000e+07
2.599518000000000000e+06 1.091953800000000000e+07
2.599518000000000000e+06 1.093953800000000000e+07
2.599518000000000000e+06 1.095953800000000000e+07
2.599518000000000000e+06 1.097953800000000000e+07
2.599518000000000000e+06 1.099953800000000000e+07
2.599518000000000000e+06 1.101953800000000000e+07
2.599518000000000000e+06 1.103953800000000000e+07
2.599518000000000000e+06 1.105953800000000000e+07
2.599518000000000000e+06 1.107953800000000000e+07
2.599518000000000000e+06 1.109953800000000000e+07
2.599518000000000000e+06 1.111953800000000000e+07
2.599518000000000000e+06 1.113953800000000000e+07
2.599518000000000000e+06 1.115953800000000000e+07
2.599518000000000000e+06 1.117953800000000000e+07
2.599518000000000000e+06 1.119953800000000000e+07
2.619518000000000000e+06 1.039953800000000000e+07
2.619518000000000000e+06 1.041953800000000000e+07
2.619518000000000000e+06 1.043953800000000000e+07
2.619518000000000000e+06 1.045953800000000000e+07
2.619518000000000000e+06 1.047953800000000000e+07
2.619518000000000000e+06 1.049953800000000000e+07
2.619518000000000000e+06 1.051953800000000000e+07
2.619518000000000000e+06 1.053953800000000000e+07
2.619518000000000000e+06 1.055953800000000000e+07
2.619518000000000000e+06 1.057953800000000000e+07
2.619518000000000000e+06 1.059953800000000000e+07
2.619518000000000000e+06 1.061953800000000000e+07
2.619518000000000000e+06 1.063953800000000000e+07
2.619518000000000000e+06 1.065953800000000000e+07
2.619518000000000000e+06 1.067953800000000000e+07
2.619518000000000000e+06 1.069953800000000000e+07
2.619518000000000000e+06 1.071953800000000000e+07
2.619518000000000000e+06 1.073953800000000000e+07
2.619518000000000000e+06 1.075953800000000000e+07
2.619518000000000000e+06 1.077953800000000000e+07
2.619518000000000000e+06 1.079953800000000000e+07
2.619518000000000000e+06 1.081953800000000000e+07
2.619518000000000000e+06 1.083953800000000000e+07
2.619518000000000000e+06 1.085953800000000000e+07
2.619518000000000000e+06 1.087953800000000000e+07
2.619518000000000000e+06 1.089953800000000000e+07
2.619518000000000000e+06 1.091953800000000000e+07
2.619518000000000000e+06 1.093953800000000000e+07
2.619518000000000000e+06 1.095953800000000000e+07
2.619518000000000000e+06 1.097953800000000000e+07
2.619518000000000000e+06 1.099953800000000000e+07
2.619518000000000000e+06 1.101953800000000000e+07
2.619518000000000000e+06 1.103953800000000000e+07
2.619518000000000000e+06 1.105953800000000000e+07
2.619518000000000000e+06 1.107953800000000000e+07
2.619518000000000000e+06 1.109953800000000000e+07
2.619518000000000000e+06 1.111953800000000000e+07
2.619518000000000000e+06 1.113953800000000000e+07
2.619518000000000000e+06 1.115953800000000000e+07
2.619518000000000000e+06 1.117953800000000000e+07
2.619518000000000000e+06 1.119953800000000000e+07
2.639518000000000000e+06 1.039953800000000000e+07
2.639518000000000000e+06 1.041953800000000000e+07
2.639518000000000000e+06 1.043953800000000000e+07
2.639518000000000000e+06 1.045953800000000000e+07
2.639518000000000000e+06 1.047953800000000000e+07
2.639518000000000000e+06 1.049953800000000000e+07
2.639518000000000000e+06 1.051953800000000000e+07
2.639518000000000000e+06 1.053953800000000000e+07
2.639518000000000000e+06 1.055953800000000000e+07
2.639518000000000000e+06 1.057953800000000000e+07
2.639518000000000000e+06 1.059953800000000000e+07
2.639518000000000000e+06 1.061953800000000000e+07
2.639518000000000000e+06 1.063953800000000000e+07
2.639518000000000000e+06 1.065953800000000000e+07
2.639518000000000000e+06 1.067953800000000000e+07
2.639518000000000000e+06 1.069953800000000000e+07
2.639518000000000000e+06 1.071953800000000000e+07
2.639518000000000000e+06 1.073953800000000000e+07
2.639518000000000000e+06 1.075953800000000000e+07
2.639518000000000000e+06 1.077953800000000000e+07
2.639518000000000000e+06 1.079953800000000000e+07
2.639518000000000000e+06 1.081953800000000000e+07
2.639518000000000000e+06 1.083953800000000000e+07
2.639518000000000000e+06 1.085953800000000000e+07
2.639518000000000000e+06 1.087953800000000000e+07
2.639518000000000000e+06 1.089953800000000000e+07
2.639518000000000000e+06 1.091953800000000000e+07
2.639518000000000000e+06 1.093953800000000000e+07
2.639518000000000000e+06 1.095953800000000000e+07
2.639518000000000000e+06 1.097953800000000000e+07
2.639518000000000000e+06 1.099953800000000000e+07
2.639518000000000000e+06 1.101953800000000000e+07
2.639518000000000000e+06 1.103953800000000000e+07
2.639518000000000000e+06 1.105953800000000000e+07
2.639518000000000000e+06 1.107953800000000000e+07
2.639518000000000000e+06 1.109953800000000000e+07
2.639518000000000000e+06 1.111953800000000000e+07
2.639518000000000000e+06 1.113953800000000000e+07
2.639518000000000000e+06 1.115953800000000000e+07
2.639518000000000000e+06 1.117953800000000000e+07
2.639518000000000000e+06 1.119953800000000000e+07
2.659518000000000000e+06 1.039953800000000000e+07
2.659518000000000000e+06 1.041953800000000000e+07
2.659518000000000000e+06 1.043953800000000000e+07
2.659518000000000000e+06 1.045953800000000000e+07
2.659518000000000000e+06 1.047953800000000000e+07
2.659518000000000000e+06 1.049953800000000000e+07
2.659518000000000000e+06 1.051953800000000000e+07
2.659518000000000000e+06 1.053953800000000000e+07
2.659518000000000000e+06 1.055953800000000000e+07
2.659518000000000000e+06 1.057953800000000000e+07
2.659518000000000000e+06 1.059953800000000000e+07
2.659518000000000000e+06 1.061953800000000000e+07
2.659518000000000000e+06 1.063953800000000000e+07
2.659518000000000000e+06 1.065953800000000000e+07
2.659518000000000000e+06 1.067953800000000000e+07
2.659518000000000000e+06 1.069953800000000000e+07
2.659518000000000000e+06 1.071953800000000000e+07
2.659518000000000000e+06 1.073953800000000000e+07
2.659518000000000000e+06 1.075953800000000000e+07
2.659518000000000000e+06 1.077953800000000000e+07
2.659518000000000000e+06 1.079953800000000000e+07
2.659518000000000000e+06 1.081953800000000000e+07
2.659518000000000000e+06 1.083953800000000000e+07
2.659518000000000000e+06 1.085953800000000000e+07
2.659518000000000000e+06 1.087953800000000000e+07
2.659518000000000000e+06 1.089953800000000000e+07
2.659518000000000000e+06 1.091953800000000000e+07
2.659518000000000000e+06 1.093953800000000000e+07
2.659518000000000000e+06 1.095953800000000000e+07
2.659518000000000000e+06 1.097953800000000000e+07
2.659518000000000000e+06 1.099953800000000000e+07
2.659518000000000000e+06 1.101953800000000000e+07
2.659518000000000000e+06 1.103953800000000000e+07
2.659518000000000000e+06 1.105953800000000000e+07
2.659518000000000000e+06 1.107953800000000000e+07
2.659518000000000000e+06 1.109953800000000000e+07
2.659518000000000000e+06 1.111953800000000000e+07
2.659518000000000000e+06 1.113953800000000000e+07
2.659518000000000000e+06 1.115953800000000000e+07
2.659518000000000000e+06 1.117953800000000000e+07
2.659518000000000000e+06 1.119953800000000000e+07
2.679518000000000000e+06 1.039953800000000000e+07
2.679518000000000000e+06 1.041953800000000000e+07
2.679518000000000000e+06 1.043953800000000000e+07
2.679518000000000000e+06 1.045953800000000000e+07
2.679518000000000000e+06 1.047953800000000000e+07
2.679518000000000000e+06 1.049953800000000000e+07
2.679518000000000000e+06 1.051953800000000000e+07
2.679518000000000000e+06 1.053953800000000000e+07
2.679518000000000000e+06 1.055953800000000000e+07
2.679518000000000000e+06 1.057953800000000000e+07
2.679518000000000000e+06 1.059953800000000000e+07
2.679518000000000000e+06 1.061953800000000000e+07
2.679518000000000000e+06 1.063953800000000000e+07
2.679518000000000000e+06 1.065953800000000000e+07
2.679518000000000000e+06 1.067953800000000000e+07
2.679518000000000000e+06 1.069953800000000000e+07
2.679518000000000000e+06 1.071953800000000000e+07
2.679518000000000000e+06 1.073953800000000000e+07
2.679518000000000000e+06 1.075953800000000000e+07
2.679518000000000000e+06 1.077953800000000000e+07
2.679518000000000000e+06 1.079953800000000000e+07
2.679518000000000000e+06 1.081953800000000000e+07
2.679518000000000000e+06 1.083953800000000000e+07
2.679518000000000000e+06 1.085953800000000000e+07
2.679518000000000000e+06 1.087953800000000000e+07
2.679518000000000000e+06 1.089953800000000000e+07
2.679518000000000000e+06 1.091953800000000000e+07
2.679518000000000000e+06 1.093953800000000000e+07
2.679518000000000000e+06 1.095953800000000000e+07
2.679518000000000000e+06 1.097953800000000000e+07
2.679518000000000000e+06 1.099953800000000000e+07
2.679518000000000000e+06 1.101953800000000000e+07
2.679518000000000000e+06 1.103953800000000000e+07
2.679518000000000000e+06 1.105953800000000000e+07
2.679518000000000000e+06 1.107953800000000000e+07
2.679518000000000000e+06 1.109953800000000000e+07
2.679518000000000000e+06 1.111953800000000000e+07
2.679518000000000000e+06 1.113953800000000000e+07
2.679518000000000000e+06 1.115953800000000000e+07
2.679518000000000000e+06 1.117953800000000000e+07
2.679518000000000000e+06 1.119953800000000000e+07
2.699518000000000000e+06 1.039953800000000000e+07
2.699518000000000000e+06 1.041953800000000000e+07
2.699518000000000000e+06 1.043953800000000000e+07
2.699518000000000000e+06 1.045953800000000000e+07
2.699518000000000000e+06 1.047953800000000000e+07
2.699518000000000000e+06 1.049953800000000000e+07
2.699518000000000000e+06 1.051953800000000000e+07
2.699518000000000000e+06 1.053953800000000000e+07
2.699518000000000000e+06 1.055953800000000000e+07
2.699518000000000000e+06 1.057953800000000000e+07
2.699518000000000000e+06 1.059953800000000000e+07
2.699518000000000000e+06 1.061953800000000000e+07
2.699518000000000000e+06 1.063953800000000000e+07
2.699518000000000000e+06 1.065953800000000000e+07
2.699518000000000000e+06 1.067953800000000000e+07
2.699518000000000000e+06 1.069953800000000000e+07
2.699518000000000000e+06 1.071953800000000000e+07
2.699518000000000000e+06 1.073953800000000000e+07
2.699518000000000000e+06 1.075953800000000000e+07
2.699518000000000000e+06 1.077953800000000000e+07
2.699518000000000000e+06 1.079953800000000000e+07
2.699518000000000000e+06 1.081953800000000000e+07
2.699518000000000000e+06 1.083953800000000000e+07
2.699518000000000000e+06 1.085953800000000000e+07
2.699518000000000000e+06 1.087953800000000000e+07
2.699518000000000000e+06 1.089953800000000000e+07
2.699518000000000000e+06 1.091953800000000000e+07
2.699518000000000000e+06 1.093953800000000000e+07
2.699518000000000000e+06 1.095953800000000000e+07
2.699518000000000000e+06 1.097953800000000000e+07
2.699518000000000000e+06 1.099953800000000000e+07
2.699518000000000000e+06 1.101953800000000000e+07
2.699518000000000000e+06 1.103953800000000000e+07
2.699518000000000000e+06 1.105953800000000000e+07
2.699518000000000000e+06 1.107953800000000000e+07
2.699518000000000000e+06 1.109953800000000000e+07
2.699518000000000000e+06 1.111953800000000000e+07
2.699518000000000000e+06 1.113953800000000000e+07
2.699518000000000000e+06 1.115953800000000000e+07
2.699518000000000000e+06 1.117953800000000000e+07
2.699518000000000000e+06 1.119953800000000000e+07
2.719518000000000000e+06 1.039953800000000000e+07
2.719518000000000000e+06 1.041953800000000000e+07
2.719518000000000000e+06 1.043953800000000000e+07
2.719518000000000000e+06 1.045953800000000000e+07
2.719518000000000000e+06 1.047953800000000000e+07
2.719518000000000000e+06 1.049953800000000000e+07
2.719518000000000000e+06 1.051953800000000000e+07
2.719518000000000000e+06 1.053953800000000000e+07
2.719518000000000000e+06 1.055953800000000000e+07
2.719518000000000000e+06 1.057953800000000000e+07
2.719518000000000000e+06 1.059953800000000000e+07
2.719518000000000000e+06 1.061953800000000000e+07
2.719518000000000000e+06 1.063953800000000000e+07
2.719518000000000000e+06 1.065953800000000000e+07
2.719518000000000000e+06 1.067953800000000000e+07
2.719518000000000000e+06 1.069953800000000000e+07
2.719518000000000000e+06 1.071953800000000000e+07
2.719518000000000000e+06 1.073953800000000000e+07
2.719518000000000000e+06 1.075953800000000000e+07
2.719518000000000000e+06 1.077953800000000000e+07
2.719518000000000000e+06 1.079953800000000000e+07
2.719518000000000000e+06 1.081953800000000000e+07
2.719518000000000000e+06 1.083953800000000000e+07
2.719518000000000000e+06 1.085953800000000000e+07
2.719518000000000000e+06 1.087953800000000000e+07
2.719518000000000000e+06 1.089953800000000000e+07
2.719518000000000000e+06 1.091953800000000000e+07
2.719518000000000000e+06 1.093953800000000000e+07
2.719518000000000000e+06 1.095953800000000000e+07
2.719518000000000000e+06 1.097953800000000000e+07
2.719518000000000000e+06 1.099953800000000000e+07
2.719518000000000000e+06 1.101953800000000000e+07
2.719518000000000000e+06 1.103953800000000000e+07
2.719518000000000000e+06 1.105953800000000000e+07
2.719518000000000000e+06 1.107953800000000000e+07
2.719518000000000000e+06 1.109953800000000000e+07
2.719518000000000000e+06 1.111953800000000000e+07
2.719518000000000000e+06 1.113953800000000000e+07
2.719518000000000000e+06 1.115953800000000000e+07
2.719518000000000000e+06 1.117953800000000000e+07
2.719518000000000000e+06 1.119953800000000000e+07
2.739518000000000000e+06 1.039953800000000000e+07
2.739518000000000000e+06 1.041953800000000000e+07
2.739518000000000000e+06 1.043953800000000000e+07
2.739518000000000000e+06 1.045953800000000000e+07
2.739518000000000000e+06 1.047953800000000000e+07
2.739518000000000000e+06 1.049953800000000000e+07
2.739518000000000000e+06 1.051953800000000000e+07
2.739518000000000000e+06 1.053953800000000000e+07
2.739518000000000000e+06 1.055953800000000000e+07
2.739518000000000000e+06 1.057953800000000000e+07
2.739518000000000000e+06 1.059953800000000000e+07
2.739518000000000000e+06 1.061953800000000000e+07
2.739518000000000000e+06 1.063953800000000000e+07
2.739518000000000000e+06 1.065953800000000000e+07
2.739518000000000000e+06 1.067953800000000000e+07
2.739518000000000000e+06 1.069953800000000000e+07
2.739518000000000000e+06 1.071953800000000000e+07
2.739518000000000000e+06 1.073953800000000000e+07
2.739518000000000000e+06 1.075953800000000000e+07
2.739518000000000000e+06 1.077953800000000000e+07
2.739518000000000000e+06 1.079953800000000000e+07
2.739518000000000000e+06 1.081953800000000000e+07
2.739518000000000000e+06 1.083953800000000000e+07
2.739518000000000000e+06 1.085953800000000000e+07
2.739518000000000000e+06 1.087953800000000000e+07
2.739518000000000000e+06 1.089953800000000000e+07
2.739518000000000000e+06 1.091953800000000000e+07
2.739518000000000000e+06 1.093953800000000000e+07
2.739518000000000000e+06 1.095953800000000000e+07
2.739518000000000000e+06 1.097953800000000000e+07
2.739518000000000000e+06 1.099953800000000000e+07
2.739518000000000000e+06 1.101953800000000000e+07
2.739518000000000000e+06 1.103953800000000000e+07
2.739518000000000000e+06 1.105953800000000000e+07
2.739518000000000000e+06 1.107953800000000000e+07
2.739518000000000000e+06 1.109953800000000000e+07
2.739518000000000000e+06 1.111953800000000000e+07
2.739518000000000000e+06 1.113953800000000000e+07
2.739518000000000000e+06 1.115953800000000000e+07
2.739518000000000000e+06 1.117953800000000000e+07
2.739518000000000000e+06 1.119953800000000000e+07
2.759518000000000000e+06 1.039953800000000000e+07
2.759518000000000000e+06 1.041953800000000000e+07
2.759518000000000000e+06 1.043953800000000000e+07
2.759518000000000000e+06 1.045953800000000000e+07
2.759518000000000000e+06 1.047953800000000000e+07
2.759518000000000000e+06 1.049953800000000000e+07
2.759518000000000000e+06 1.051953800000000000e+07
2.759518000000000000e+06 1.053953800000000000e+07
2.759518000000000000e+06 1.055953800000000000e+07
2.759518000000000000e+06 1.057953800000000000e+07
2.759518000000000000e+06 1.059953800000000000e+07
2.759518000000000000e+06 1.061953800000000000e+07
2.759518000000000000e+06 1.063953800000000000e+07
2.759518000000000000e+06 1.065953800000000000e+07
2.759518000000000000e+06 1.067953800000000000e+07
2.759518000000000000e+06 1.069953800000000000e+07
2.759518000000000000e+06 1.071953800000000000e+07
2.759518000000000000e+06 1.073953800000000000e+07
2.759518000000000000e+06 1.075953800000000000e+07
2.759518000000000000e+06 1.077953800000000000e+07
2.759518000000000000e+06 1.079953800000000000e+07
2.759518000000000000e+06 1.081953800000000000e+07
2.759518000000000000e+06 1.083953800000000000e+07
2.759518000000000000e+06 1.085953800000000000e+07
2.759518000000000000e+06 1.087953800000000000e+07
2.759518000000000000e+06 1.089953800000000000e+07
2.759518000000000000e+06 1.091953800000000000e+07
2.759518000000000000e+06 1.093953800000000000e+07
2.759518000000000000e+06 1.095953800000000000e+07
2.759518000000000000e+06 1.097953800000000000e+07
2.759518000000000000e+06 1.099953800000000000e+07
2.759518000000000000e+06 1.101953800000000000e+07
2.759518000000000000e+06 1.103953800000000000e+07
2.759518000000000000e+06 1.105953800000000000e+07
2.759518000000000000e+06 1.107953800000000000e+07
2.759518000000000000e+06 1.109953800000000000e+07
2.759518000000000000e+06 1.111953800000000000e+07
2.759518000000000000e+06 1.113953800000000000e+07
2.759518000000000000e+06 1.115953800000000000e+07
2.759518000000000000e+06 1.117953800000000000e+07
2.759518000000000000e+06 1.119953800000000000e+07
2.779518000000000000e+06 1.039953800000000000e+07
2.779518000000000000e+06 1.041953800000000000e+07
2.779518000000000000e+06 1.043953800000000000e+07
2.779518000000000000e+06 1.045953800000000000e+07
2.779518000000000000e+06 1.047953800000000000e+07
2.779518000000000000e+06 1.049953800000000000e+07
2.779518000000000000e+06 1.051953800000000000e+07
2.779518000000000000e+06 1.053953800000000000e+07
2.779518000000000000e+06 1.055953800000000000e+07
2.779518000000000000e+06 1.057953800000000000e+07
2.779518000000000000e+06 1.059953800000000000e+07
2.779518000000000000e+06 1.061953800000000000e+07
2.779518000000000000e+06 1.063953800000000000e+07
2.779518000000000000e+06 1.065953800000000000e+07
2.779518000000000000e+06 1.067953800000000000e+07
2.779518000000000000e+06 1.069953800000000000e+07
2.779518000000000000e+06 1.071953800000000000e+07
2.779518000000000000e+06 1.073953800000000000e+07
2.779518000000000000e+06 1.075953800000000000e+07
2.779518000000000000e+06 1.077953800000000000e+07
2.779518000000000000e+06 1.079953800000000000e+07
2.779518000000000000e+06 1.081953800000000000e+07
2.779518000000000000e+06 1.083953800000000000e+07
2.779518000000000000e+06 1.085953800000000000e+07
2.779518000000000000e+06 1.087953800000000000e+07
2.779518000000000000e+06 1.089953800000000000e+07
2.779518000000000000e+06 1.091953800000000000e+07
2.779518000000000000e+06 1.093953800000000000e+07
2.779518000000000000e+06 1.095953800000000000e+07
2.779518000000000000e+06 1.097953800000000000e+07
2.779518000000000000e+06 1.099953800000000000e+07
2.779518000000000000e+06 1.101953800000000000e+07
2.779518000000000000e+06 1.103953800000000000e+07
2.779518000000000000e+06 1.105953800000000000e+07
2.779518000000000000e+06 1.107953800000000000e+07
2.779518000000000000e+06 1.109953800000000000e+07
2.779518000000000000e+06 1.111953800000000000e+07
2.779518000000000000e+06 1.113953800000000000e+07
2.779518000000000000e+06 1.115953800000000000e+07
2.779518000000000000e+06 1.117953800000000000e+07
2.779518000000000000e+06 1.119953800000000000e+07
2.799518000000000000e+06 1.039953800000000000e+07
2.799518000000000000e+06 1.041953800000000000e+07
2.799518000000000000e+06 1.043953800000000000e+07
2.799518000000000000e+06 1.045953800000000000e+07
2.799518000000000000e+06 1.047953800000000000e+07
2.799518000000000000e+06 1.049953800000000000e+07
2.799518000000000000e+06 1.051953800000000000e+07
2.799518000000000000e+06 1.053953800000000000e+07
2.799518000000000000e+06 1.055953800000000000e+07
2.799518000000000000e+06 1.057953800000000000e+07
2.799518000000000000e+06 1.059953800000000000e+07
2.799518000000000000e+06 1.061953800000000000e+07
2.799518000000000000e+06 1.063953800000000000e+07
2.799518000000000000e+06 1.065953800000000000e+07
2.799518000000000000e+06 1.067953800000000000e+07
2.799518000000000000e+06 1.069953800000000000e+07
2.799518000000000000e+06 1.071953800000000000e+07
2.799518000000000000e+06 1.073953800000000000e+07
2.799518000000000000e+06 1.075953800000000000e+07
2.799518000000000000e+06 1.077953800000000000e+07
2.799518000000000000e+06 1.079953800000000000e+07
2.799518000000000000e+06 1.081953800000000000e+07
2.799518000000000000e+06 1.083953800000000000e+07
2.799518000000000000e+06 1.085953800000000000e+07
2.799518000000000000e+06 1.087953800000000000e+07
2.799518000000000000e+06 1.089953800000000000e+07
2.799518000000000000e+06 1.091953800000000000e+07
2.799518000000000000e+06 1.093953800000000000e+07
2.799518000000000000e+06 1.095953800000000000e+07
2.799518000000000000e+06 1.097953800000000000e+07
2.799518000000000000e+06 1.099953800000000000e+07
2.799518000000000000e+06 1.101953800000000000e+07
2.799518000000000000e+06 1.103953800000000000e+07
2.799518000000000000e+06 1.105953800000000000e+07
2.799518000000000000e+06 1.107953800000000000e+07
2.799518000000000000e+06 1.109953800000000000e+07
2.799518000000000000e+06 1.111953800000000000e+07
2.799518000000000000e+06 1.113953800000000000e+07
2.799518000000000000e+06 1.115953800000000000e+07
2.799518000000000000e+06 1.117953800000000000e+07
2.799518000000000000e+06 1.119953800000000000e+07
2.819518000000000000e+06 1.039953800000000000e+07
2.819518000000000000e+06 1.041953800000000000e+07
2.819518000000000000e+06 1.043953800000000000e+07
2.819518000000000000e+06 1.045953800000000000e+07
2.819518000000000000e+06 1.047953800000000000e+07
2.819518000000000000e+06 1.049953800000000000e+07
2.819518000000000000e+06 1.051953800000000000e+07
2.819518000000000000e+06 1.053953800000000000e+07
2.819518000000000000e+06 1.055953800000000000e+07
2.819518000000000000e+06 1.057953800000000000e+07
2.819518000000000000e+06 1.059953800000000000e+07
2.819518000000000000e+06 1.061953800000000000e+07
2.819518000000000000e+06 1.063953800000000000e+07
2.819518000000000000e+06 1.065953800000000000e+07
2.819518000000000000e+06 1.067953800000000000e+07
2.819518000000000000e+06 1.069953800000000000e+07
2.819518000000000000e+06 1.071953800000000000e+07
2.819518000000000000e+06 1.073953800000000000e+07
2.819518000000000000e+06 1.075953800000000000e+07
2.819518000000000000e+06 1.077953800000000000e+07
2.819518000000000000e+06 1.079953800000000000e+07
2.819518000000000000e+06 1.081953800000000000e+07
2.819518000000000000e+06 1.083953800000000000e+07
2.819518000000000000e+06 1.085953800000000000e+07
2.819518000000000000e+06 1.087953800000000000e+07
2.819518000000000000e+06 1.089953800000000000e+07
2.819518000000000000e+06 1.091953800000000000e+07
2.819518000000000000e+06 1.093953800000000000e+07
2.819518000000000000e+06 1.095953800000000000e+07
2.819518000000000000e+06 1.097953800000000000e+07
2.819518000000000000e+06 1.099953800000000000e+07
2.819518000000000000e+06 1.101953800000000000e+07
2.819518000000000000e+06 1.103953800000000000e+07
2.819518000000000000e+06 1.105953800000000000e+07
2.819518000000000000e+06 1.107953800000000000e+07
2.819518000000000000e+06 1.109953800000000000e+07
2.819518000000000000e+06 1.111953800000000000e+07
2.819518000000000000e+06 1.113953800000000000e+07
2.819518000000000000e+06 1.115953800000000000e+07
2.819518000000000000e+06 1.117953800000000000e+07
2.819518000000000000e+06 1.119953800000000000e+07
2.839518000000000000e+06 1.039953800000000000e+07
2.839518000000000000e+06 1.041953800000000000e+07
2.839518000000000000e+06 1.043953800000000000e+07
2.839518000000000000e+06 1.045953800000000000e+07
2.839518000000000000e+06 1.047953800000000000e+07
2.839518000000000000e+06 1.049953800000000000e+07
2.839518000000000000e+06 1.051953800000000000e+07
2.839518000000000000e+06 1.053953800000000000e+07
2.839518000000000000e+06 1.055953800000000000e+07
2.839518000000000000e+06 1.057953800000000000e+07
2.839518000000000000e+06 1.059953800000000000e+07
2.839518000000000000e+06 1.061953800000000000e+07
2.839518000000000000e+06 1.063953800000000000e+07
2.839518000000000000e+06 1.065953800000000000e+07
2.839518000000000000e+06 1.067953800000000000e+07
2.839518000000000000e+06 1.069953800000000000e+07
2.839518000000000000e+06 1.071953800000000000e+07
2.839518000000000000e+06 1.073953800000000000e+07
2.839518000000000000e+06 1.075953800000000000e+07
2.839518000000000000e+06 1.077953800000000000e+07
2.839518000000000000e+06 1.079953800000000000e+07
2.839518000000000000e+06 1.081953800000000000e+07
2.839518000000000000e+06 1.083953800000000000e+07
2.839518000000000000e+06 1.085953800000000000e+07
2.839518000000000000e+06 1.087953800000000000e+07
2.839518000000000000e+06 1.089953800000000000e+07
2.839518000000000000e+06 1.091953800000000000e+07
2.839518000000000000e+06 1.093953800000000000e+07
2.839518000000000000e+06 1.095953800000000000e+07
2.839518000000000000e+06 1.097953800000000000e+07
2.839518000000000000e+06 1.099953800000000000e+07
2.839518000000000000e+06 1.101953800000000000e+07
2.839518000000000000e+06 1.103953800000000000e+07
2.839518000000000000e+06 1.105953800000000000e+07
2.839518000000000000e+06 1.107953800000000000e+07
2.839518000000000000e+06 1.109953800000000000e+07
2.839518000000000000e+06 1.111953800000000000e+07
2.839518000000000000e+06 1.113953800000000000e+07
2.839518000000000000e+06 1.115953800000000000e+07
2.839518000000000000e+06 1.117953800000000000e+07
2.839518000000000000e+06 1.119953800000000000e+07
2.859518000000000000e+06 1.039953800000000000e+07
2.859518000000000000e+06 1.041953800000000000e+07
2.859518000000000000e+06 1.043953800000000000e+07
2.859518000000000000e+06 1.045953800000000000e+07
2.859518000000000000e+06 1.047953800000000000e+07
2.859518000000000000e+06 1.049953800000000000e+07
2.859518000000000000e+06 1.051953800000000000e+07
2.859518000000000000e+06 1.053953800000000000e+07
2.859518000000000000e+06 1.055953800000000000e+07
2.859518000000000000e+06 1.057953800000000000e+07
2.859518000000000000e+06 1.059953800000000000e+07
2.859518000000000000e+06 1.061953800000000000e+07
2.859518000000000000e+06 1.063953800000000000e+07
2.859518000000000000e+06 1.065953800000000000e+07
2.859518000000000000e+06 1.067953800000000000e+07
2.859518000000000000e+06 1.069953800000000000e+07
2.859518000000000000e+06 1.071953800000000000e+07
2.859518000000000000e+06 1.073953800000000000e+07
2.859518000000000000e+06 1.075953800000000000e+07
2.859518000000000000e+06 1.077953800000000000e+07
2.859518000000000000e+06 1.079953800000000000e+07
2.859518000000000000e+06 1.081953800000000000e+07
2.859518000000000000e+06 1.083953800000000000e+07
2.859518000000000000e+06 1.085953800000000000e+07
2.859518000000000000e+06 1.087953800000000000e+07
2.859518000000000000e+06 1.089953800000000000e+07
2.859518000000000000e+06 1.091953800000000000e+07
2.859518000000000000e+06 1.093953800000000000e+07
2.859518000000000000e+06 1.095953800000000000e+07
2.859518000000000000e+06 1.097953800000000000e+07
2.859518000000000000e+06 1.099953800000000000e+07
2.859518000000000000e+06 1.101953800000000000e+07
2.859518000000000000e+06 1.103953800000000000e+07
2.859518000000000000e+06 1.105953800000000000e+07
2.859518000000000000e+06 1.107953800000000000e+07
2.859518000000000000e+06 1.109953800000000000e+07
2.859518000000000000e+06 1.111953800000000000e+07
2.859518000000000000e+06 1.113953800000000000e+07
2.859518000000000000e+06 1.115953800000000000e+07
2.859518000000000000e+06 1.117953800000000000e+07
2.859518000000000000e+06 1.119953800000000000e+07
2.879518000000000000e+06 1.039953800000000000e+07
2.879518000000000000e+06 1.041953800000000000e+07
2.879518000000000000e+06 1.043953800000000000e+07
2.879518000000000000e+06 1.045953800000000000e+07
2.879518000000000000e+06 1.047953800000000000e+07
2.879518000000000000e+06 1.049953800000000000e+07
2.879518000000000000e+06 1.051953800000000000e+07
2.879518000000000000e+06 1.053953800000000000e+07
2.879518000000000000e+06 1.055953800000000000e+07
2.879518000000000000e+06 1.057953800000000000e+07
2.879518000000000000e+06 1.059953800000000000e+07
2.879518000000000000e+06 1.061953800000000000e+07
2.879518000000000000e+06 1.063953800000000000e+07
2.879518000000000000e+06 1.065953800000000000e+07
2.879518000000000000e+06 1.067953800000000000e+07
2.879518000000000000e+06 1.069953800000000000e+07
2.879518000000000000e+06 1.071953800000000000e+07
2.879518000000000000e+06 1.073953800000000000e+07
2.879518000000000000e+06 1.075953800000000000e+07
2.879518000000000000e+06 1.077953800000000000e+07
2.879518000000000000e+06 1.079953800000000000e+07
2.879518000000000000e+06 1.081953800000000000e+07
2.879518000000000000e+06 1.083953800000000000e+07
2.879518000000000000e+06 1.085953800000000000e+07
2.879518000000000000e+06 1.087953800000000000e+07
2.879518000000000000e+06 1.089953800000000000e+07
2.879518000000000000e+06 1.091953800000000000e+07
2.879518000000000000e+06 1.093953800000000000e+07
2.879518000000000000e+06 1.095953800000000000e+07
2.879518000000000000e+06 1.097953800000000000e+07
2.879518000000000000e+06 1.099953800000000000e+07
2.879518000000000000e+06 1.101953800000000000e+07
2.879518000000000000e+06 1.103953800000000000e+07
2.879518000000000000e+06 1.105953800000000000e+07
2.879518000000000000e+06 1.107953800000000000e+07
2.879518000000000000e+06 1.109953800000000000e+07
2.879518000000000000e+06 1.111953800000000000e+07
2.879518000000000000e+06 1.113953800000000000e+07
2.879518000000000000e+06 1.115953800000000000e+07
2.879518000000000000e+06 1.117953800000000000e+07
2.879518000000000000e+06 1.119953800000000000e+07
2.899518000000000000e+06 1.039953800000000000e+07
2.899518000000000000e+06 1.041953800000000000e+07
2.899518000000000000e+06 1.043953800000000000e+07
2.899518000000000000e+06 1.045953800000000000e+07
2.899518000000000000e+06 1.047953800000000000e+07
2.899518000000000000e+06 1.049953800000000000e+07
2.899518000000000000e+06 1.051953800000000000e+07
2.899518000000000000e+06 1.053953800000000000e+07
2.899518000000000000e+06 1.055953800000000000e+07
2.899518000000000000e+06 1.057953800000000000e+07
2.899518000000000000e+06 1.059953800000000000e+07
2.899518000000000000e+06 1.061953800000000000e+07
2.899518000000000000e+06 1.063953800000000000e+07
2.899518000000000000e+06 1.065953800000000000e+07
2.899518000000000000e+06 1.067953800000000000e+07
2.899518000000000000e+06 1.069953800000000000e+07
2.899518000000000000e+06 1.071953800000000000e+07
2.899518000000000000e+06 1.073953800000000000e+07
2.899518000000000000e+06 1.075953800000000000e+07
2.899518000000000000e+06 1.077953800000000000e+07
2.899518000000000000e+06 1.079953800000000000e+07
2.899518000000000000e+06 1.081953800000000000e+07
2.899518000000000000e+06 1.083953800000000000e+07
2.899518000000000000e+06 1.085953800000000000e+07
2.899518000000000000e+06 1.087953800000000000e+07
2.899518000000000000e+06 1.089953800000000000e+07
2.899518000000000000e+06 1.091953800000000000e+07
2.899518000000000000e+06 1.093953800000000000e+07
2.899518000000000000e+06 1.095953800000000000e+07
2.899518000000000000e+06 1.097953800000000000e+07
2.899518000000000000e+06 1.099953800000000000e+07
2.899518000000000000e+06 1.101953800000000000e+07
2.899518000000000000e+06 1.103953800000000000e+07
2.899518000000000000e+06 1.105953800000000000e+07
2.899518000000000000e+06 1.107953800000000000e+07
2.899518000000000000e+06 1.109953800000000000e+07
2.899518000000000000e+06 1.111953800000000000e+07
2.899518000000000000e+06 1.113953800000000000e+07
2.899518000000000000e+06 1.115953800000000000e+07
2.899518000000000000e+06 1.117953800000000000e+07
2.899518000000000000e+06 1.119953800000000000e+07
2.919518000000000000e+06 1.039953800000000000e+07
2.919518000000000000e+06 1.041953800000000000e+07
2.919518000000000000e+06 1.043953800000000000e+07
2.919518000000000000e+06 1.045953800000000000e+07
2.919518000000000000e+06 1.047953800000000000e+07
2.919518000000000000e+06 1.049953800000000000e+07
2.919518000000000000e+06 1.051953800000000000e+07
2.919518000000000000e+06 1.053953800000000000e+07
2.919518000000000000e+06 1.055953800000000000e+07
2.919518000000000000e+06 1.057953800000000000e+07
2.919518000000000000e+06 1.059953800000000000e+07
2.919518000000000000e+06 1.061953800000000000e+07
2.919518000000000000e+06 1.063953800000000000e+07
2.919518000000000000e+06 1.065953800000000000e+07
2.919518000000000000e+06 1.067953800000000000e+07
2.919518000000000000e+06 1.069953800000000000e+07
2.919518000000000000e+06 1.071953800000000000e+07
2.919518000000000000e+06 1.073953800000000000e+07
2.919518000000000000e+06 1.075953800000000000e+07
2.919518000000000000e+06 1.077953800000000000e+07
2.919518000000000000e+06 1.079953800000000000e+07
2.919518000000000000e+06 1.081953800000000000e+07
2.919518000000000000e+06 1.083953800000000000e+07
2.919518000000000000e+06 1.085953800000000000e+07
2.919518000000000000e+06 1.087953800000000000e+07
2.919518000000000000e+06 1.089953800000000000e+07
2.919518000000000000e+06 1.091953800000000000e+07
2.919518000000000000e+06 1.093953800000000000e+07
2.919518000000000000e+06 1.095953800000000000e+07
2.919518000000000000e+06 1.097953800000000000e+07
2.919518000000000000e+06 1.099953800000000000e+07
2.919518000000000000e+06 1.101953800000000000e+07
2.919518000000000000e+06 1.103953800000000000e+07
2.919518000000000000e+06 1.105953800000000000e+07
2.919518000000000000e+06 1.107953800000000000e+07
2.919518000000000000e+06 1.109953800000000000e+07
2.919518000000000000e+06 1.111953800000000000e+07
2.919518000000000000e+06 1.113953800000000000e+07
2.919518000000000000e+06 1.115953800000000000e+07
2.919518000000000000e+06 1.117953800000000000e+07
2.919518000000000000e+06 1.119953800000000000e+07
2.939518000000000000e+06 1.039953800000000000e+07
2.939518000000000000e+06 1.041953800000000000e+07
2.939518000000000000e+06 1.043953800000000000e+07
2.939518000000000000e+06 1.045953800000000000e+07
2.939518000000000000e+06 1.047953800000000000e+07
2.939518000000000000e+06 1.049953800000000000e+07
2.939518000000000000e+06 1.051953800000000000e+07
2.939518000000000000e+06 1.053953800000000000e+07
2.939518000000000000e+06 1.055953800000000000e+07
2.939518000000000000e+06 1.057953800000000000e+07
2.939518000000000000e+06 1.059953800000000000e+07
2.939518000000000000e+06 1.061953800000000000e+07
2.939518000000000000e+06 1.063953800000000000e+07
2.939518000000000000e+06 1.065953800000000000e+07
2.939518000000000000e+06 1.067953800000000000e+07
2.939518000000000000e+06 1.069953800000000000e+07
2.939518000000000000e+06 1.071953800000000000e+07
2.939518000000000000e+06 1.073953800000000000e+07
2.939518000000000000e+06 1.075953800000000000e+07
2.939518000000000000e+06 1.077953800000000000e+07
2.939518000000000000e+06 1.079953800000000000e+07
2.939518000000000000e+06 1.081953800000000000e+07
2.939518000000000000e+06 1.083953800000000000e+07
2.939518000000000000e+06 1.085953800000000000e+07
2.939518000000000000e+06 1.087953800000000000e+07
2.939518000000000000e+06 1.089953800000000000e+07
2.939518000000000000e+06 1.091953800000000000e+07
2.939518000000000000e+06 1.093953800000000000e+07
2.939518000000000000e+06 1.095953800000000000e+07
2.939518000000000000e+06 1.097953800000000000e+07
2.939518000000000000e+06 1.099953800000000000e+07
2.939518000000000000e+06 1.101953800000000000e+07
2.939518000000000000e+06 1.103953800000000000e+07
2.939518000000000000e+06 1.105953800000000000e+07
2.939518000000000000e+06 1.107953800000000000e+07
2.939518000000000000e+06 1.109953800000000000e+07
2.939518000000000000e+06 1.111953800000000000e+07
2.939518000000000000e+06 1.113953800000000000e+07
2.939518000000000000e+06 1.115953800000000000e+07
2.939518000000000000e+06 1.117953800000000000e+07
2.939518000000000000e+06 1.119953800000000000e+07
2.959518000000000000e+06 1.039953800000000000e+07
2.959518000000000000e+06 1.041953800000000000e+07
2.959518000000000000e+06 1.043953800000000000e+07
2.959518000000000000e+06 1.045953800000000000e+07
2.959518000000000000e+06 1.047953800000000000e+07
2.959518000000000000e+06 1.049953800000000000e+07
2.959518000000000000e+06 1.051953800000000000e+07
2.959518000000000000e+06 1.053953800000000000e+07
2.959518000000000000e+06 1.055953800000000000e+07
2.959518000000000000e+06 1.057953800000000000e+07
2.959518000000000000e+06 1.059953800000000000e+07
2.959518000000000000e+06 1.061953800000000000e+07
2.959518000000000000e+06 1.063953800000000000e+07
2.959518000000000000e+06 1.065953800000000000e+07
2.959518000000000000e+06 1.067953800000000000e+07
2.959518000000000000e+06 1.069953800000000000e+07
2.959518000000000000e+06 1.071953800000000000e+07
2.959518000000000000e+06 1.073953800000000000e+07
2.959518000000000000e+06 1.075953800000000000e+07
2.959518000000000000e+06 1.077953800000000000e+07
2.959518000000000000e+06 1.079953800000000000e+07
2.959518000000000000e+06 1.081953800000000000e+07
2.959518000000000000e+06 1.083953800000000000e+07
2.959518000000000000e+06 1.085953800000000000e+07
2.959518000000000000e+06 1.087953800000000000e+07
2.959518000000000000e+06 1.089953800000000000e+07
2.959518000000000000e+06 1.091953800000000000e+07
2.959518000000000000e+06 1.093953800000000000e+07
2.959518000000000000e+06 1.095953800000000000e+07
2.959518000000000000e+06 1.097953800000000000e+07
2.959518000000000000e+06 1.099953800000000000e+07
2.959518000000000000e+06 1.101953800000000000e+07
2.959518000000000000e+06 1.103953800000000000e+07
2.959518000000000000e+06 1.105953800000000000e+07
2.959518000000000000e+06 1.107953800000000000e+07
2.959518000000000000e+06 1.109953800000000000e+07
2.959518000000000000e+06 1.111953800000000000e+07
2.959518000000000000e+06 1.113953800000000000e+07
2.959518000000000000e+06 1.115953800000000000e+07
2.959518000000000000e+06 1.117953800000000000e+07
2.959518000000000000e+06 1.119953800000000000e+07
2.979518000000000000e+06 1.039953800000000000e+07
2.979518000000000000e+06 1.041953800000000000e+07
2.979518000000000000e+06 1.043953800000000000e+07
2.979518000000000000e+06 1.045953800000000000e+07
2.979518000000000000e+06 1.047953800000000000e+07
2.979518000000000000e+06 1.049953800000000000e+07
2.979518000000000000e+06 1.051953800000000000e+07
2.979518000000000000e+06 1.053953800000000000e+07
2.979518000000000000e+06 1.055953800000000000e+07
2.979518000000000000e+06 1.057953800000000000e+07
2.979518000000000000e+06 1.059953800000000000e+07
2.979518000000000000e+06 1.061953800000000000e+07
2.979518000000000000e+06 1.063953800000000000e+07
2.979518000000000000e+06 1.065953800000000000e+07
2.979518000000000000e+06 1.067953800000000000e+07
2.979518000000000000e+06 1.069953800000000000e+07
2.979518000000000000e+06 1.071953800000000000e+07
2.979518000000000000e+06 1.073953800000000000e+07
2.979518000000000000e+06 1.075953800000000000e+07
2.979518000000000000e+06 1.077953800000000000e+07
2.979518000000000000e+06 1.079953800000000000e+07
2.979518000000000000e+06 1.081953800000000000e+07
2.979518000000000000e+06 1.083953800000000000e+07
2.979518000000000000e+06 1.085953800000000000e+07
2.979518000000000000e+06 1.087953800000000000e+07
2.979518000000000000e+06 1.089953800000000000e+07
2.979518000000000000e+06 1.091953800000000000e+07
2.979518000000000000e+06 1.093953800000000000e+07
2.979518000000000000e+06 1.095953800000000000e+07
2.979518000000000000e+06 1.097953800000000000e+07
2.979518000000000000e+06 1.099953800000000000e+07
2.979518000000000000e+06 1.101953800000000000e+07
2.979518000000000000e+06 1.103953800000000000e+07
2.979518000000000000e+06 1.105953800000000000e+07
2.979518000000000000e+06 1.107953800000000000e+07
2.979518000000000000e+06 1.109953800000000000e+07
2.979518000000000000e+06 1.111953800000000000e+07
2.979518000000000000e+06 1.113953800000000000e+07
2.979518000000000000e+06 1.115953800000000000e+07
2.979518000000000000e+06 1.117953800000000000e+07
2.979518000000000000e+06 1.119953800000000000e+07
2.999518000000000000e+06 1.039953800000000000e+07
2.999518000000000000e+06 1.041953800000000000e+07
2.999518000000000000e+06 1.043953800000000000e+07
2.999518000000000000e+06 1.045953800000000000e+07
2.999518000000000000e+06 1.047953800000000000e+07
2.999518000000000000e+06 1.049953800000000000e+07
2.999518000000000000e+06 1.051953800000000000e+07
2.999518000000000000e+06 1.053953800000000000e+07
2.999518000000000000e+06 1.055953800000000000e+07
2.999518000000000000e+06 1.057953800000000000e+07
2.999518000000000000e+06 1.059953800000000000e+07
2.999518000000000000e+06 1.061953800000000000e+07
2.999518000000000000e+06 1.063953800000000000e+07
2.999518000000000000e+06 1.065953800000000000e+07
2.999518000000000000e+06 1.067953800000000000e+07
2.999518000000000000e+06 1.069953800000000000e+07
2.999518000000000000e+06 1.071953800000000000e+07
2.999518000000000000e+06 1.073953800000000000e+07
2.999518000000000000e+06 1.075953800000000000e+07
2.999518000000000000e+06 1.077953800000000000e+07
2.999518000000000000e+06 1.079953800000000000e+07
2.999518000000000000e+06 1.081953800000000000e+07
2.999518000000000000e+06 1.083953800000000000e+07
2.999518000000000000e+06 1.085953800000000000e+07
2.999518000000000000e+06 1.087953800000000000e+07
2.999518000000000000e+06 1.089953800000000000e+07
2.999518000000000000e+06 1.091953800000000000e+07
2.999518000000000000e+06 1.093953800000000000e+07
2.999518000000000000e+06 1.095953800000000000e+07
2.999518000000000000e+06 1.097953800000000000e+07
2.999518000000000000e+06 1.099953800000000000e+07
2.999518000000000000e+06 1.101953800000000000e+07
2.999518000000000000e+06 1.103953800000000000e+07
2.999518000000000000e+06 1.105953800000000000e+07
2.999518000000000000e+06 1.107953800000000000e+07
2.999518000000000000e+06 1.109953800000000000e+07
2.999518000000000000e+06 1.111953800000000000e+07
2.999518000000000000e+06 1.113953800000000000e+07
2.999518000000000000e+06 1.115953800000000000e+07
2.999518000000000000e+06 1.117953800000000000e+07
2.999518000000000000e+06 1.119953800000000000e+07
3.019518000000000000e+06 1.039953800000000000e+07
3.019518000000000000e+06 1.041953800000000000e+07
3.019518000000000000e+06 1.043953800000000000e+07
3.019518000000000000e+06 1.045953800000000000e+07
3.019518000000000000e+06 1.047953800000000000e+07
3.019518000000000000e+06 1.049953800000000000e+07
3.019518000000000000e+06 1.051953800000000000e+07
3.019518000000000000e+06 1.053953800000000000e+07
3.019518000000000000e+06 1.055953800000000000e+07
3.019518000000000000e+06 1.057953800000000000e+07
3.019518000000000000e+06 1.059953800000000000e+07
3.019518000000000000e+06 1.061953800000000000e+07
3.019518000000000000e+06 1.063953800000000000e+07
3.019518000000000000e+06 1.065953800000000000e+07
3.019518000000000000e+06 1.067953800000000000e+07
3.019518000000000000e+06 1.069953800000000000e+07
3.019518000000000000e+06 1.071953800000000000e+07
3.019518000000000000e+06 1.073953800000000000e+07
3.019518000000000000e+06 1.075953800000000000e+07
3.019518000000000000e+06 1.077953800000000000e+07
3.019518000000000000e+06 1.079953800000000000e+07
3.019518000000000000e+06 1.081953800000000000e+07
3.019518000000000000e+06 1.083953800000000000e+07
3.019518000000000000e+06 1.085953800000000000e+07
3.019518000000000000e+06 1.087953800000000000e+07
3.019518000000000000e+06 1.089953800000000000e+07
3.019518000000000000e+06 1.091953800000000000e+07
3.019518000000000000e+06 1.093953800000000000e+07
3.019518000000000000e+06 1.095953800000000000e+07
3.019518000000000000e+06 1.097953800000000000e+07
3.019518000000000000e+06 1.099953800000000000e+07
3.019518000000000000e+06 1.101953800000000000e+07
3.019518000000000000e+06 1.103953800000000000e+07
3.019518000000000000e+06 1.105953800000000000e+07
3.019518000000000000e+06 1.107953800000000000e+07
3.019518000000000000e+06 1.109953800000000000e+07
3.019518000000000000e+06 1.111953800000000000e+07
3.019518000000000000e+06 1.113953800000000000e+07
3.019518000000000000e+06 1.115953800000000000e+07
3.019518000000000000e+06 1.117953800000000000e+07
3.019518000000000000e+06 1.119953800000000000e+07
3.039518000000000000e+06 1.039953800000000000e+07
3.039518000000000000e+06 1.041953800000000000e+07
3.039518000000000000e+06 1.043953800000000000e+07
3.039518000000000000e+06 1.045953800000000000e+07
3.039518000000000000e+06 1.047953800000000000e+07
3.039518000000000000e+06 1.049953800000000000e+07
3.039518000000000000e+06 1.051953800000000000e+07
3.039518000000000000e+06 1.053953800000000000e+07
3.039518000000000000e+06 1.055953800000000000e+07
3.039518000000000000e+06 1.057953800000000000e+07
3.039518000000000000e+06 1.059953800000000000e+07
3.039518000000000000e+06 1.061953800000000000e+07
3.039518000000000000e+06 1.063953800000000000e+07
3.039518000000000000e+06 1.065953800000000000e+07
3.039518000000000000e+06 1.067953800000000000e+07
3.039518000000000000e+06 1.069953800000000000e+07
3.039518000000000000e+06 1.071953800000000000e+07
3.039518000000000000e+06 1.073953800000000000e+07
3.039518000000000000e+06 1.075953800000000000e+07
3.039518000000000000e+06 1.077953800000000000e+07
3.039518000000000000e+06 1.079953800000000000e+07
3.039518000000000000e+06 1.081953800000000000e+07
3.039518000000000000e+06 1.083953800000000000e+07
3.039518000000000000e+06 1.085953800000000000e+07
3.039518000000000000e+06 1.087953800000000000e+07
3.039518000000000000e+06 1.089953800000000000e+07
3.039518000000000000e+06 1.091953800000000000e+07
3.039518000000000000e+06 1.093953800000000000e+07
3.039518000000000000e+06 1.095953800000000000e+07
3.039518000000000000e+06 1.097953800000000000e+07
3.039518000000000000e+06 1.099953800000000000e+07
3.039518000000000000e+06 1.101953800000000000e+07
3.039518000000000000e+06 1.103953800000000000e+07
3.039518000000000000e+06 1.105953800000000000e+07
3.039518000000000000e+06 1.107953800000000000e+07
3.039518000000000000e+06 1.109953800000000000e+07
3.039518000000000000e+06 1.111953800000000000e+07
3.039518000000000000e+06 1.113953800000000000e+07
3.039518000000000000e+06 1.115953800000000000e+07
3.039518000000000000e+06 1.117953800000000000e+07
3.039518000000000000e+06 1.119953800000000000e+07
3.059518000000000000e+06 1.039953800000000000e+07
3.059518000000000000e+06 1.041953800000000000e+07
3.059518000000000000e+06 1.043953800000000000e+07
3.059518000000000000e+06 1.045953800000000000e+07
3.059518000000000000e+06 1.047953800000000000e+07
3.059518000000000000e+06 1.049953800000000000e+07
3.059518000000000000e+06 1.051953800000000000e+07
3.059518000000000000e+06 1.053953800000000000e+07
3.059518000000000000e+06 1.055953800000000000e+07
3.059518000000000000e+06 1.057953800000000000e+07
3.059518000000000000e+06 1.059953800000000000e+07
3.059518000000000000e+06 1.061953800000000000e+07
3.059518000000000000e+06 1.063953800000000000e+07
3.059518000000000000e+06 1.065953800000000000e+07
3.059518000000000000e+06 1.067953800000000000e+07
3.059518000000000000e+06 1.069953800000000000e+07
3.059518000000000000e+06 1.071953800000000000e+07
3.059518000000000000e+06 1.073953800000000000e+07
3.059518000000000000e+06 1.075953800000000000e+07
3.059518000000000000e+06 1.077953800000000000e+07
3.059518000000000000e+06 1.079953800000000000e+07
3.059518000000000000e+06 1.081953800000000000e+07
3.059518000000000000e+06 1.083953800000000000e+07
3.059518000000000000e+06 1.085953800000000000e+07
3.059518000000000000e+06 1.087953800000000000e+07
3.059518000000000000e+06 1.089953800000000000e+07
3.059518000000000000e+06 1.091953800000000000e+07
3.059518000000000000e+06 1.093953800000000000e+07
3.059518000000000000e+06 1.095953800000000000e+07
3.059518000000000000e+06 1.097953800000000000e+07
3.059518000000000000e+06 1.099953800000000000e+07
3.059518000000000000e+06 1.101953800000000000e+07
3.059518000000000000e+06 1.103953800000000000e+07
3.059518000000000000e+06 1.105953800000000000e+07
3.059518000000000000e+06 1.107953800000000000e+07
3.059518000000000000e+06 1.109953800000000000e+07
3.059518000000000000e+06 1.111953800000000000e+07
3.059518000000000000e+06 1.113953800000000000e+07
3.059518000000000000e+06 1.115953800000000000e+07
3.059518000000000000e+06 1.117953800000000000e+07
3.059518000000000000e+06 1.119953800000000000e+07
3.079518000000000000e+06 1.039953800000000000e+07
3.079518000000000000e+06 1.041953800000000000e+07
3.079518000000000000e+06 1.043953800000000000e+07
3.079518000000000000e+06 1.045953800000000000e+07
3.079518000000000000e+06 1.047953800000000000e+07
3.079518000000000000e+06 1.049953800000000000e+07
3.079518000000000000e+06 1.051953800000000000e+07
3.079518000000000000e+06 1.053953800000000000e+07
3.079518000000000000e+06 1.055953800000000000e+07
3.079518000000000000e+06 1.057953800000000000e+07
3.079518000000000000e+06 1.059953800000000000e+07
3.079518000000000000e+06 1.061953800000000000e+07
3.079518000000000000e+06 1.063953800000000000e+07
3.079518000000000000e+06 1.065953800000000000e+07
3.079518000000000000e+06 1.067953800000000000e+07
3.079518000000000000e+06 1.069953800000000000e+07
3.079518000000000000e+06 1.071953800000000000e+07
3.079518000000000000e+06 1.073953800000000000e+07
3.079518000000000000e+06 1.075953800000000000e+07
3.079518000000000000e+06 1.077953800000000000e+07
3.079518000000000000e+06 1.079953800000000000e+07
3.079518000000000000e+06 1.081953800000000000e+07
3.079518000000000000e+06 1.083953800000000000e+07
3.079518000000000000e+06 1.085953800000000000e+07
3.079518000000000000e+06 1.087953800000000000e+07
3.079518000000000000e+06 1.089953800000000000e+07
3.079518000000000000e+06 1.091953800000000000e+07
3.079518000000000000e+06 1.093953800000000000e+07
3.079518000000000000e+06 1.095953800000000000e+07
3.079518000000000000e+06 1.097953800000000000e+07
3.079518000000000000e+06 1.099953800000000000e+07
3.079518000000000000e+06 1.101953800000000000e+07
3.079518000000000000e+06 1.103953800000000000e+07
3.079518000000000000e+06 1.105953800000000000e+07
3.079518000000000000e+06 1.107953800000000000e+07
3.079518000000000000e+06 1.109953800000000000e+07
3.079518000000000000e+06 1.111953800000000000e+07
3.079518000000000000e+06 1.113953800000000000e+07
3.079518000000000000e+06 1.115953800000000000e+07
3.079518000000000000e+06 1.117953800000000000e+07
3.079518000000000000e+06 1.119953800000000000e+07
3.099518000000000000e+06 1.039953800000000000e+07
3.099518000000000000e+06 1.041953800000000000e+07
3.099518000000000000e+06 1.043953800000000000e+07
3.099518000000000000e+06 1.045953800000000000e+07
3.099518000000000000e+06 1.047953800000000000e+07
3.099518000000000000e+06 1.049953800000000000e+07
3.099518000000000000e+06 1.051953800000000000e+07
3.099518000000000000e+06 1.053953800000000000e+07
3.099518000000000000e+06 1.055953800000000000e+07
3.099518000000000000e+06 1.057953800000000000e+07
3.099518000000000000e+06 1.059953800000000000e+07
3.099518000000000000e+06 1.061953800000000000e+07
3.099518000000000000e+06 1.063953800000000000e+07
3.099518000000000000e+06 1.065953800000000000e+07
3.099518000000000000e+06 1.067953800000000000e+07
3.099518000000000000e+06 1.069953800000000000e+07
3.099518000000000000e+06 1.071953800000000000e+07
3.099518000000000000e+06 1.073953800000000000e+07
3.099518000000000000e+06 1.075953800000000000e+07
3.099518000000000000e+06 1.077953800000000000e+07
3.099518000000000000e+06 1.079953800000000000e+07
3.099518000000000000e+06 1.081953800000000000e+07
3.099518000000000000e+06 1.083953800000000000e+07
3.099518000000000000e+06 1.085953800000000000e+07
3.099518000000000000e+06 1.087953800000000000e+07
3.099518000000000000e+06 1.089953800000000000e+07
3.099518000000000000e+06 1.091953800000000000e+07
3.099518000000000000e+06 1.093953800000000000e+07
3.099518000000000000e+06 1.095953800000000000e+07
3.099518000000000000e+06 1.097953800000000000e+07
3.099518000000000000e+06 1.099953800000000000e+07
3.099518000000000000e+06 1.101953800000000000e+07
3.099518000000000000e+06 1.103953800000000000e+07
3.099518000000000000e+06 1.105953800000000000e+07
3.099518000000000000e+06 1.107953800000000000e+07
3.099518000000000000e+06 1.109953800000000000e+07
3.099518000000000000e+06 1.111953800000000000e+07
3.099518000000000000e+06 1.113953800000000000e+07
3.099518000000000000e+06 1.115953800000000000e+07
3.099518000000000000e+06 1.117953800000000000e+07
3.099518000000000000e+06 1.119953800000000000e+07
3.119518000000000000e+06 1.039953800000000000e+07
3.119518000000000000e+06 1.041953800000000000e+07
3.119518000000000000e+06 1.043953800000000000e+07
3.119518000000000000e+06 1.045953800000000000e+07
3.119518000000000000e+06 1.047953800000000000e+07
3.119518000000000000e+06 1.049953800000000000e+07
3.119518000000000000e+06 1.051953800000000000e+07
3.119518000000000000e+06 1.053953800000000000e+07
3.119518000000000000e+06 1.055953800000000000e+07
3.119518000000000000e+06 1.057953800000000000e+07
3.119518000000000000e+06 1.059953800000000000e+07
3.119518000000000000e+06 1.061953800000000000e+07
3.119518000000000000e+06 1.063953800000000000e+07
3.119518000000000000e+06 1.065953800000000000e+07
3.119518000000000000e+06 1.067953800000000000e+07
3.119518000000000000e+06 1.069953800000000000e+07
3.119518000000000000e+06 1.071953800000000000e+07
3.119518000000000000e+06 1.073953800000000000e+07
3.119518000000000000e+06 1.075953800000000000e+07
3.119518000000000000e+06 1.077953800000000000e+07
3.119518000000000000e+06 1.079953800000000000e+07
3.119518000000000000e+06 1.081953800000000000e+07
3.119518000000000000e+06 1.083953800000000000e+07
3.119518000000000000e+06 1.085953800000000000e+07
3.119518000000000000e+06 1.087953800000000000e+07
3.119518000000000000e+06 1.089953800000000000e+07
3.119518000000000000e+06 1.091953800000000000e+07
3.119518000000000000e+06 1.093953800000000000e+07
3.119518000000000000e+06 1.095953800000000000e+07
3.119518000000000000e+06 1.097953800000000000e+07
3.119518000000000000e+06 1.099953800000000000e+07
3.119518000000000000e+06 1.101953800000000000e+07
3.119518000000000000e+06 1.103953800000000000e+07
3.119518000000000000e+06 1.105953800000000000e+07
3.119518000000000000e+06 1.107953800000000000e+07
3.119518000000000000e+06 1.109953800000000000e+07
3.119518000000000000e+06 1.111953800000000000e+07
3.119518000000000000e+06 1.113953800000000000e+07
3.119518000000000000e+06 1.115953800000000000e+07
3.119518000000000000e+06 1.117953800000000000e+07
3.119518000000000000e+06 1.119953800000000000e+07
3.139518000000000000e+06 1.039953800000000000e+07
3.139518000000000000e+06 1.041953800000000000e+07
3.139518000000000000e+06 1.043953800000000000e+07
3.139518000000000000e+06 1.045953800000000000e+07
3.139518000000000000e+06 1.047953800000000000e+07
3.139518000000000000e+06 1.049953800000000000e+07
3.139518000000000000e+06 1.051953800000000000e+07
3.139518000000000000e+06 1.053953800000000000e+07
3.139518000000000000e+06 1.055953800000000000e+07
3.139518000000000000e+06 1.057953800000000000e+07
3.139518000000000000e+06 1.059953800000000000e+07
3.139518000000000000e+06 1.061953800000000000e+07
3.139518000000000000e+06 1.063953800000000000e+07
3.139518000000000000e+06 1.065953800000000000e+07
3.139518000000000000e+06 1.067953800000000000e+07
3.139518000000000000e+06 1.069953800000000000e+07
3.139518000000000000e+06 1.071953800000000000e+07
3.139518000000000000e+06 1.073953800000000000e+07
3.139518000000000000e+06 1.075953800000000000e+07
3.139518000000000000e+06 1.077953800000000000e+07
3.139518000000000000e+06 1.079953800000000000e+07
3.139518000000000000e+06 1.081953800000000000e+07
3.139518000000000000e+06 1.083953800000000000e+07
3.139518000000000000e+06 1.085953800000000000e+07
3.139518000000000000e+06 1.087953800000000000e+07
3.139518000000000000e+06 1.089953800000000000e+07
3.139518000000000000e+06 1.091953800000000000e+07
3.139518000000000000e+06 1.093953800000000000e+07
3.139518000000000000e+06 1.095953800000000000e+07
3.139518000000000000e+06 1.097953800000000000e+07
3.139518000000000000e+06 1.099953800000000000e+07
3.139518000000000000e+06 1.101953800000000000e+07
3.139518000000000000e+06 1.103953800000000000e+07
3.139518000000000000e+06 1.105953800000000000e+07
3.139518000000000000e+06 1.107953800000000000e+07
3.139518000000000000e+06 1.109953800000000000e+07
3.139518000000000000e+06 1.111953800000000000e+07
3.139518000000000000e+06 1.113953800000000000e+07
3.139518000000000000e+06 1.115953800000000000e+07
3.139518000000000000e+06 1.117953800000000000e+07
3.139518000000000000e+06 1.119953800000000000e+07
3.159518000000000000e+06 1.039953800000000000e+07
3.159518000000000000e+06 1.041953800000000000e+07
3.159518000000000000e+06 1.043953800000000000e+07
3.159518000000000000e+06 1.045953800000000000e+07
3.159518000000000000e+06 1.047953800000000000e+07
3.159518000000000000e+06 1.049953800000000000e+07
3.159518000000000000e+06 1.051953800000000000e+07
3.159518000000000000e+06 1.053953800000000000e+07
3.159518000000000000e+06 1.055953800000000000e+07
3.159518000000000000e+06 1.057953800000000000e+07
3.159518000000000000e+06 1.059953800000000000e+07
3.159518000000000000e+06 1.061953800000000000e+07
3.159518000000000000e+06 1.063953800000000000e+07
3.159518000000000000e+06 1.065953800000000000e+07
3.159518000000000000e+06 1.067953800000000000e+07
3.159518000000000000e+06 1.069953800000000000e+07
3.159518000000000000e+06 1.071953800000000000e+07
3.159518000000000000e+06 1.073953800000000000e+07
3.159518000000000000e+06 1.075953800000000000e+07
3.159518000000000000e+06 1.077953800000000000e+07
3.159518000000000000e+06 1.079953800000000000e+07
3.159518000000000000e+06 1.081953800000000000e+07
3.159518000000000000e+06 1.083953800000000000e+07
3.159518000000000000e+06 1.085953800000000000e+07
3.159518000000000000e+06 1.087953800000000000e+07
3.159518000000000000e+06 1.089953800000000000e+07
3.159518000000000000e+06 1.091953800000000000e+07
3.159518000000000000e+06 1.093953800000000000e+07
3.159518000000000000e+06 1.095953800000000000e+07
3.159518000000000000e+06 1.097953800000000000e+07
3.159518000000000000e+06 1.099953800000000000e+07
3.159518000000000000e+06 1.101953800000000000e+07
3.159518000000000000e+06 1.103953800000000000e+07
3.159518000000000000e+06 1.105953800000000000e+07
3.159518000000000000e+06 1.107953800000000000e+07
3.159518000000000000e+06 1.109953800000000000e+07
3.159518000000000000e+06 1.111953800000000000e+07
3.159518000000000000e+06 1.113953800000000000e+07
3.159518000000000000e+06 1.115953800000000000e+07
3.159518000000000000e+06 1.117953800000000000e+07
3.159518000000000000e+06 1.119953800000000000e+07
3.179518000000000000e+06 1.039953800000000000e+07
3.179518000000000000e+06 1.041953800000000000e+07
3.179518000000000000e+06 1.043953800000000000e+07
3.179518000000000000e+06 1.045953800000000000e+07
3.179518000000000000e+06 1.047953800000000000e+07
3.179518000000000000e+06 1.049953800000000000e+07
3.179518000000000000e+06 1.051953800000000000e+07
3.179518000000000000e+06 1.053953800000000000e+07
3.179518000000000000e+06 1.055953800000000000e+07
3.179518000000000000e+06 1.057953800000000000e+07
3.179518000000000000e+06 1.059953800000000000e+07
3.179518000000000000e+06 1.061953800000000000e+07
3.179518000000000000e+06 1.063953800000000000e+07
3.179518000000000000e+06 1.065953800000000000e+07
3.179518000000000000e+06 1.067953800000000000e+07
3.179518000000000000e+06 1.069953800000000000e+07
3.179518000000000000e+06 1.071953800000000000e+07
3.179518000000000000e+06 1.073953800000000000e+07
3.179518000000000000e+06 1.075953800000000000e+07
3.179518000000000000e+06 1.077953800000000000e+07
3.179518000000000000e+06 1.079953800000000000e+07
3.179518000000000000e+06 1.081953800000000000e+07
3.179518000000000000e+06 1.083953800000000000e+07
3.179518000000000000e+06 1.085953800000000000e+07
3.179518000000000000e+06 1.087953800000000000e+07
3.179518000000000000e+06 1.089953800000000000e+07
3.179518000000000000e+06 1.091953800000000000e+07
3.179518000000000000e+06 1.093953800000000000e+07
3.179518000000000000e+06 1.095953800000000000e+07
3.179518000000000000e+06 1.097953800000000000e+07
3.179518000000000000e+06 1.099953800000000000e+07
3.179518000000000000e+06 1.101953800000000000e+07
3.179518000000000000e+06 1.103953800000000000e+07
3.179518000000000000e+06 1.105953800000000000e+07
3.179518000000000000e+06 1.107953800000000000e+07
3.179518000000000000e+06 1.109953800000000000e+07
3.179518000000000000e+06 1.111953800000000000e+07
3.179518000000000000e+06 1.113953800000000000e+07
3.179518000000000000e+06 1.115953800000000000e+07
3.179518000000000000e+06 1.117953800000000000e+07
3.179518000000000000e+06 1.119953800000000000e+07
3.199518000000000000e+06 1.039953800000000000e+07
3.199518000000000000e+06 1.041953800000000000e+07
3.199518000000000000e+06 1.043953800000000000e+07
3.199518000000000000e+06 1.045953800000000000e+07
3.199518000000000000e+06 1.047953800000000000e+07
3.199518000000000000e+06 1.049953800000000000e+07
3.199518000000000000e+06 1.051953800000000000e+07
3.199518000000000000e+06 1.053953800000000000e+07
3.199518000000000000e+06 1.055953800000000000e+07
3.199518000000000000e+06 1.057953800000000000e+07
3.199518000000000000e+06 1.059953800000000000e+07
3.199518000000000000e+06 1.061953800000000000e+07
3.199518000000000000e+06 1.063953800000000000e+07
3.199518000000000000e+06 1.065953800000000000e+07
3.199518000000000000e+06 1.067953800000000000e+07
3.199518000000000000e+06 1.069953800000000000e+07
3.199518000000000000e+06 1.071953800000000000e+07
3.199518000000000000e+06 1.073953800000000000e+07
3.199518000000000000e+06 1.075953800000000000e+07
3.199518000000000000e+06 1.077953800000000000e+07
3.199518000000000000e+06 1.079953800000000000e+07
3.199518000000000000e+06 1.081953800000000000e+07
3.199518000000000000e+06 1.083953800000000000e+07
3.199518000000000000e+06 1.085953800000000000e+07
3.199518000000000000e+06 1.087953800000000000e+07
3.199518000000000000e+06 1.089953800000000000e+07
3.199518000000000000e+06 1.091953800000000000e+07
3.199518000000000000e+06 1.093953800000000000e+07
3.199518000000000000e+06 1.095953800000000000e+07
3.199518000000000000e+06 1.097953800000000000e+07
3.199518000000000000e+06 1.099953800000000000e+07
3.199518000000000000e+06 1.101953800000000000e+07
3.199518000000000000e+06 1.103953800000000000e+07
3.199518000000000000e+06 1.105953800000000000e+07
3.199518000000000000e+06 1.107953800000000000e+07
3.199518000000000000e+06 1.109953800000000000e+07
3.199518000000000000e+06 1.111953800000000000e+07
3.199518000000000000e+06 1.113953800000000000e+07
3.199518000000000000e+06 1.115953800000000000e+07
3.199518000000000000e+06 1.117953800000000000e+07
3.199518000000000000e+06 1.119953800000000000e+07
